-6.974852543189285742e-09
-6.950020005329918378e-09
-6.925497255637033704e-09
-6.901280120355089294e-09
-6.877364690792788020e-09
-6.853747161346568146e-09
-6.830423790840768918e-09
-6.807390892580535542e-09
-6.784644831125781711e-09
-6.762182020674359214e-09
-6.739998923863908331e-09
-6.718092050712982272e-09
-6.696457957633413380e-09
-6.675093246495513838e-09
-6.653994563739275067e-09
-6.633158599527426591e-09
-6.612582086937316151e-09
-6.592261801188740738e-09
-6.572194558904975693e-09
-6.552377217404803229e-09
-6.532806674023049735e-09
-6.513479865457639999e-09
-6.494393767141289848e-09
-6.475545392635880068e-09
-6.456931793048021039e-09
-6.438550056464166138e-09
-6.420397307403966944e-09
-6.402470706290479775e-09
-6.384767448936173852e-09
-6.367284766043518522e-09
-6.350019922719269424e-09
-6.332970218001463448e-09
-6.316132984398364807e-09
-6.299505587438524282e-09
-6.283085425231356061e-09
-6.266869928037457944e-09
-6.250856557848230713e-09
-6.235042807974196128e-09
-6.219426202641542893e-09
-6.204004296596444814e-09
-6.188774674716775595e-09
-6.173734951630805878e-09
-6.158882771342604575e-09
-6.144215806863776403e-09
-6.129731759851303190e-09
-6.115428360251158069e-09
-6.101303365947543674e-09
-6.087354562417495435e-09
-6.073579762390600976e-09
-6.059976805513748778e-09
-6.046543558020672833e-09
-6.033277912406112964e-09
-6.020177787104571794e-09
-6.007241126173348230e-09
-5.994465898979911167e-09
-5.981850219518534690e-09
-5.969392285760875412e-09
-5.957090176703815258e-09
-5.944941962675883778e-09
-5.932945730166153778e-09
-5.921099587272152922e-09
-5.909401664751044027e-09
-5.897850116072788789e-09
-5.886443117246145377e-09
-5.875178866592534626e-09
-5.864055584507767350e-09
-5.853071513220868258e-09
-5.842224916552581396e-09
-5.831514079673865675e-09
-5.820937308865083562e-09
-5.810492931276016138e-09
-5.800179294686799627e-09
-5.789994767270101868e-09
-5.779937737354572654e-09
-5.770006613189821035e-09
-5.760199822712891482e-09
-5.750515813316453961e-09
-5.740953051618774108e-09
-5.731510023235500709e-09
-5.722185232553386316e-09
-5.712977202505953376e-09
-5.703884474351241557e-09
-5.694905607451559331e-09
-5.686039179055342379e-09
-5.677283784081211482e-09
-5.668638034904063607e-09
-5.660100561143465878e-09
-5.651670009454164637e-09
-5.643345043318803082e-09
-5.635124342842843342e-09
-5.627006604551723595e-09
-5.618990541190214650e-09
-5.611074881523947894e-09
-5.603258370143251058e-09
-5.595539767269059385e-09
-5.587917848561062674e-09
-5.580391404928122092e-09
-5.572959242340701188e-09
-5.565620181645627060e-09
-5.558373058382812779e-09
-5.551216722604309146e-09
-5.544150038695292054e-09
-5.537171885197267521e-09
-5.530281154633343022e-09
-5.523476753335515487e-09
-5.516757601274037169e-09
-5.510122631888847825e-09
-5.503570791922925112e-09
-5.497101041257778219e-09
-5.490712352750719933e-09
-5.484403712074282759e-09
-5.478174117557415128e-09
-5.472022580028734813e-09
-5.465948122661530167e-09
-5.459949780820735844e-09
-5.454026601911777956e-09
-5.448177645231140580e-09
-5.442401981818903449e-09
-5.436698694312895114e-09
-5.431066876804834663e-09
-5.425505634698012806e-09
-5.420014084566873012e-09
-5.414591354018213904e-09
-5.409236581554154386e-09
-5.403948916436704325e-09
-5.398727518554082234e-09
-5.393571558288556632e-09
-5.388480216386071619e-09
-5.383452683827257990e-09
-5.378488161700246771e-09
-5.373585861074914603e-09
-5.368745002878668513e-09
-5.363964817773875943e-09
-5.359244546036662939e-09
-5.354583437437269921e-09
-5.349980751121932773e-09
-5.345435755496098171e-09
-5.340947728109184924e-09
-5.336515955540747370e-09
-5.332139733287973856e-09
-5.327818365654679094e-09
-5.323551165641561288e-09
-5.319337454837906816e-09
-5.315176563314608483e-09
-5.311067829518421232e-09
-5.307010600167686099e-09
-5.303004230149155981e-09
-5.299048082416291293e-09
-5.295141527888645856e-09
-5.291283945352617633e-09
-5.287474721363366610e-09
-5.283713250147940372e-09
-5.279998933509631341e-09
-5.276331180733549972e-09
-5.272709408493241857e-09
-5.269133040758660567e-09
-5.265601508705032207e-09
-5.262114250623127821e-09
-5.258670711830376220e-09
-5.255270344583308569e-09
-5.251912607990931070e-09
-5.248596967929273895e-09
-5.245322896956892205e-09
-5.242089874231552521e-09
-5.238897385427876136e-09
-5.235744922655939586e-09
-5.232631984381043914e-09
-5.229558075344329325e-09
-5.226522706484502390e-09
-5.223525394860416905e-09
-5.220565663574717676e-09
-5.217643041698337955e-09
-5.214757064196035811e-09
-5.211907271852794911e-09
-5.209093211201121960e-09
-5.206314434449339241e-09
-5.203570499410630718e-09
-5.200860969433093988e-09
-5.198185413330634300e-09
-5.195543405314623729e-09
-5.192934524926585209e-09
-5.190358356971529224e-09
-5.187814491452243407e-09
-5.185302523504361345e-09
-5.182822053332245325e-09
-5.180372686145630918e-09
-5.177954032097133486e-09
-5.175565706220453648e-09
-5.173207328369414905e-09
-5.170878523157710970e-09
-5.168578919899431484e-09
-5.166308152550342945e-09
-5.164065859649852894e-09
-5.161851684263737575e-09
-5.159665273927586777e-09
-5.157506280590893866e-09
-5.155374360561921717e-09
-5.153269174453214668e-09
-5.151190387127769751e-09
-5.149137667645916796e-09
-5.147110689212880154e-09
-5.145109129126879721e-09
-5.143132668728043447e-09
-5.141180993347802897e-09
-5.139253792259054799e-09
-5.137350758626808965e-09
-5.135471589459583984e-09
-5.133615985561291783e-09
-5.131783651483800471e-09
-5.129974295480082002e-09
-5.128187629457883445e-09
-5.126423368934055858e-09
-5.124681232989374514e-09
-5.122960944224019210e-09
-5.121262228713504565e-09
-5.119584815965225745e-09
-5.117928438875551774e-09
-5.116292833687368007e-09
-5.114677739948305994e-09
-5.113082900469322408e-09
-5.111508061283913251e-09
-5.109952971607768121e-09
-5.108417383798979513e-09
-5.106901053318750917e-09
-5.105403738692487892e-09
-5.103925201471554199e-09
-5.102465206195347228e-09
-5.101023520353919353e-09
-5.099599914351045979e-09
-5.098194161467816356e-09
-5.096806037826553617e-09
-5.095435322355285716e-09
-5.094081796752647326e-09
-5.092745245453201949e-09
-5.091425455593139561e-09
-5.090122216976581408e-09
-5.088835322042072580e-09
-5.087564565829637881e-09
-5.086309745948256266e-09
-5.085070662543671106e-09
-5.083847118266646302e-09
-5.082638918241570649e-09
-5.081445870035551882e-09
-5.080267783627803556e-09
-5.079104471379438055e-09
-5.077955748003645912e-09
-5.076821430536284571e-09
-5.075701338306743431e-09
-5.074595292909265497e-09
-5.073503118174585008e-09
-5.072424640141889326e-09
-5.071359687031204336e-09
-5.070308089216084253e-09
-5.069269679196594246e-09
-5.068244291572767869e-09
-5.067231763018199319e-09
-5.066231932254183289e-09
-5.065244640023991304e-09
-5.064269729067589776e-09
-5.063307044096617784e-09
-5.062356431769685816e-09
-5.061417740668005364e-09
-5.060490821271315492e-09
-5.059575525934050938e-09
-5.058671708861937030e-09
-5.057779226088726068e-09
-5.056897935453377885e-09
-5.056027696577331408e-09
-5.055168370842309752e-09
-5.054319821368167487e-09
-5.053481912991159785e-09
-5.052654512242440681e-09
-5.051837487326807018e-09
-5.051030708101734375e-09
-5.050234046056715756e-09
-5.049447374292740064e-09
-5.048670567502142806e-09
-5.047903501948681796e-09
-5.047146055447811381e-09
-5.046398107347272642e-09
-5.045659538507849043e-09
-5.044930231284481894e-09
-5.044210069507442895e-09
-5.043498938463940946e-09
-5.042796724879820778e-09
-5.042103316901532070e-09
-5.041418604078345062e-09
-5.040742477344764701e-09
-5.040074829003145781e-09
-5.039415552706586026e-09
-5.038764543441985424e-09
-5.038121697513318159e-09
-5.037486912525111333e-09
-5.036860087366221468e-09
-5.036241122193615980e-09
-5.035629918416588917e-09
-5.035026378680995721e-09
-5.034430406853786613e-09
-5.033841908007702086e-09
-5.033260788406110694e-09
-5.032686955488145439e-09
-5.032120317853937771e-09
-5.031560785250050936e-09
-5.031008268555140801e-09
-5.030462679765747376e-09
-5.029923931982239354e-09
-5.029391939395068857e-09
-5.028866617271021210e-09
-5.028347881939765811e-09
-5.027835650780488892e-09
-5.027329842208786020e-09
-5.026830375663649711e-09
-5.026337171594619184e-09
-5.025850151449120361e-09
-5.025369237659987021e-09
-5.024894353633029927e-09
-5.024425423734925251e-09
-5.023962373281122845e-09
-5.023505128523908371e-09
-5.023053616640737575e-09
-5.022607765722597024e-09
-5.022167504762535253e-09
-5.021732763644365954e-09
-5.021303473131510140e-09
-5.020879564855931774e-09
-5.020460971307286818e-09
-5.020047625822130176e-09
-5.019639462573337711e-09
-5.019236416559550594e-09
-5.018838423594914124e-09
-5.018445420298747076e-09
-5.018057344085534462e-09
-5.017674133154897975e-09
-5.017295726481762458e-09
-5.016922063806646463e-09
-5.016553085626057025e-09
-5.016188733182972130e-09
-5.015828948457524996e-09
-5.015473674157761168e-09
-5.015122853710451840e-09
-5.014776431252130534e-09
-5.014434351620195939e-09
-5.014096560344071839e-09
-5.013763003636568856e-09
-5.013433628385299981e-09
-5.013108382144210233e-09
-5.012787213125236208e-09
-5.012470070190033436e-09
-5.012156902841837758e-09
-5.011847661217416028e-09
-5.011542296079085473e-09
-5.011240758806948955e-09
-5.010943001391069834e-09
-5.010648976423823036e-09
-5.010358637092409064e-09
-5.010071937171290259e-09
-5.009788831014929813e-09
-5.009509273550434817e-09
-5.009233220270388749e-09
-5.008960627225803888e-09
-5.008691451019075395e-09
-5.008425648797029685e-09
-5.008163178244202756e-09
-5.007903997575951431e-09
-5.007648065531952546e-09
-5.007395341369459770e-09
-5.007145784856959134e-09
-5.006899356267638437e-09
-5.006656016373142035e-09
-5.006415726437253661e-09
-5.006178448209766187e-09
-5.005944143920359668e-09
-5.005712776272588556e-09
-5.005484308437914428e-09
-5.005258704049907444e-09
-5.005035927198335317e-09
-5.004815942423547584e-09
-5.004598714710752341e-09
-5.004384209484456766e-09
-5.004172392602967190e-09
-5.003963230352937155e-09
-5.003756689443989082e-09
-5.003552737003388883e-09
-5.003351340570844649e-09
-5.003152468093332638e-09
-5.002956087919912503e-09
-5.002762168796806396e-09
-5.002570679862273759e-09
-5.002381590641831872e-09
-5.002194871043286978e-09
-5.002010491351981308e-09
-5.001828422226083108e-09
-5.001648634691860963e-09
-5.001471100139070605e-09
-5.001295790316419486e-09
-5.001122677327061121e-09
-5.000951733624134107e-09
-5.000782932006359038e-09
-5.000616245613713180e-09
-5.000451647923185377e-09
-5.000289112744454033e-09
-5.000128614215824831e-09
-4.999970126800036097e-09
-4.999813625685561338e-09
-4.999659087782916034e-09
-4.999506488891327461e-09
-4.999355804799350611e-09
-4.999207011525939227e-09
-4.999060085371269439e-09
-4.998915002925500425e-09
-4.998771741068154034e-09
-4.998630276965514125e-09
-4.998490588067483283e-09
-4.998352652104387419e-09
-4.998216447083748941e-09
-4.998081951287105413e-09
-4.997949143266780245e-09
-4.997818001842674059e-09
-4.997688506099166071e-09
-4.997560635381873196e-09
-4.997434369294609331e-09
-4.997309687696244554e-09
-4.997186570697607330e-09
-4.997064998658473572e-09
-4.996944952184492015e-09
-4.996826412124235314e-09
-4.996709359566196551e-09
-4.996593775835875908e-09
-4.996479642492829282e-09
-4.996366941327821133e-09
-4.996255654359955820e-09
-4.996145763833851953e-09
-4.996037252216865547e-09
-4.995930102196339645e-09
-4.995824296676829958e-09
-4.995719818777445476e-09
-4.995616651829180811e-09
-4.995514779372243578e-09
-4.995414185153492616e-09
-4.995314853123801763e-09
-4.995216767435579139e-09
-4.995119912440216955e-09
-4.995024272685597555e-09
-4.994929832913669783e-09
-4.994836578057970748e-09
-4.994744493241284902e-09
-4.994653563773212955e-09
-4.994563775147895480e-09
-4.994475113041658748e-09
-4.994387563310766460e-09
-4.994301111989087917e-09
-4.994215745285984580e-09
-4.994131449584017122e-09
-4.994048211436805511e-09
-4.993966017566876689e-09
-4.993884854863580073e-09
-4.993804710380942681e-09
-4.993725571335602001e-09
-4.993647425104810839e-09
-4.993570259224412373e-09
-4.993494061386783788e-09
-4.993418819438957745e-09
-4.993344521380620607e-09
-4.993271155362208267e-09
-4.993198709683042511e-09
-4.993127172789414440e-09
-4.993056533272777909e-09
-4.992986779867876787e-09
-4.992917901451008708e-09
-4.992849887038218508e-09
-4.992782725783485044e-09
-4.992716406977094957e-09
-4.992650920043857617e-09
-4.992586254541407748e-09
-4.992522400158605660e-09
-4.992459346713786937e-09
-4.992397084153253658e-09
-4.992335602549530699e-09
-4.992274892099928096e-09
-4.992214943124835395e-09
-4.992155746066260029e-09
-4.992097291486274694e-09
-4.992039570065515193e-09
-4.991982572601670832e-09
-4.991926290008024441e-09
-4.991870713312010605e-09
-4.991815833653759821e-09
-4.991761642284700565e-09
-4.991708130566152257e-09
-4.991655289967937254e-09
-4.991603112067039987e-09
-4.991551588546215644e-09
-4.991500711192727895e-09
-4.991450471896968325e-09
-4.991400862651190021e-09
-4.991351875548246948e-09
-4.991303502780297761e-09
-4.991255736637555100e-09
-4.991208569507080398e-09
-4.991161993871543100e-09
-4.991116002308046901e-09
-4.991070587486902208e-09
-4.991025742170506962e-09
-4.990981459212122415e-09
-4.990937731554794481e-09
-4.990894552230187418e-09
-4.990851914357491944e-09
-4.990809811142298620e-09
-4.990768235875549812e-09
-4.990727181932413895e-09
-4.990686642771294297e-09
-4.990646611932717761e-09
-4.990607083038355794e-09
-4.990568049789956780e-09
-4.990529505968382307e-09
-4.990491445432596358e-09
-4.990453862118656150e-09
-4.990416750038775763e-09
-4.990380103280401356e-09
-4.990343916005173050e-09
-4.990308182448089481e-09
-4.990272896916508562e-09
-4.990238053789269847e-09
-4.990203647515840879e-09
-4.990169672615337809e-09
-4.990136123675739572e-09
-4.990102995352955659e-09
-4.990070282369998933e-09
-4.990037979516160102e-09
-4.990006081646143319e-09
-4.989974583679270432e-09
-4.989943480598640566e-09
-4.989912767450349271e-09
-4.989882439342693594e-09
-4.989852491445404461e-09
-4.989822918988849271e-09
-4.989793717263268414e-09
-4.989764881618043207e-09
-4.989736407460938205e-09
-4.989708290257411329e-09
-4.989680525529791648e-09
-4.989653108856657339e-09
-4.989626035872106118e-09
-4.989599302265019868e-09
-4.989572903778437645e-09
-4.989546836208802110e-09
-4.989521095405365618e-09
-4.989495677269473876e-09
-4.989470577753905855e-09
-4.989445792862269947e-09
-4.989421318648353802e-09
-4.989397151215470853e-09
-4.989373286715846553e-09
-4.989349721350009565e-09
-4.989326451366210255e-09
-4.989303473059749023e-09
-4.989280782772453526e-09
-4.989258376892095512e-09
-4.989236251851749756e-09
-4.989214404129271284e-09
-4.989192830246765148e-09
-4.989171526769937091e-09
-4.989150490307636942e-09
-4.989129717511275453e-09
-4.989109205074285808e-09
-4.989088949731595050e-09
-4.989068948259131084e-09
-4.989049197473278391e-09
-4.989029694230396610e-09
-4.989010435426266327e-09
-4.988991417995663076e-09
-4.988972638911818016e-09
-4.988954095185945617e-09
-4.988935783866793663e-09
-4.988917702040126277e-09
-4.988899846828289639e-09
-4.988882215389750429e-09
-4.988864804918634253e-09
-4.988847612644278143e-09
-4.988830635830794630e-09
-4.988813871776614316e-09
-4.988797317814089652e-09
-4.988780971309054877e-09
-4.988764829660382652e-09
-4.988748890299589496e-09
-4.988733150690436251e-09
-4.988717608328513673e-09
-4.988702260740808156e-09
-4.988687105485382442e-09
-4.988672140150924810e-09
-4.988657362356349544e-09
-4.988642769750498324e-09
-4.988628360011688582e-09
-4.988614130847366917e-09
-4.988600079993759195e-09
-4.988586205215497493e-09
-4.988572504305252826e-09
-4.988558975083392701e-09
-4.988545615397640312e-09
-4.988532423122720513e-09
-4.988519396160014877e-09
-4.988506532437241583e-09
-4.988493829908122886e-09
-4.988481286552058381e-09
-4.988468900373803231e-09
-4.988456669403106688e-09
-4.988444591694488756e-09
-4.988432665326840660e-09
-4.988420888403169249e-09
-4.988409259050300037e-09
-4.988397775418504973e-09
-4.988386435681320462e-09
-4.988375238035161067e-09
-4.988364180699079635e-09
-4.988353261914468676e-09
-4.988342479944790705e-09
-4.988331833075264746e-09
-4.988321319612652085e-09
-4.988310937884946905e-09
-4.988300686241103323e-09
-4.988290563050810389e-09
-4.988280566704176935e-09
-4.988270695611533051e-09
-4.988260948203133951e-09
-4.988251322928931677e-09
-4.988241818258331075e-09
-4.988232432679907729e-09
-4.988223164701210268e-09
-4.988214012848530401e-09
-4.988204975666605142e-09
-4.988196051718446405e-09
-4.988187239585073825e-09
-4.988178537865337742e-09
-4.988169945175627210e-09
-4.988161460149697935e-09
-4.988153081438440673e-09
-4.988144807709673602e-09
-4.988136637647912370e-09
-4.988128569954170740e-09
-4.988120603345762897e-09
-4.988112736556075973e-09
-4.988104968334397166e-09
-4.988097297445691227e-09
-4.988089722670409383e-09
-4.988082242804295776e-09
-4.988074856658215410e-09
-4.988067563057910959e-09
-4.988060360843888617e-09
-4.988053248871153399e-09
-4.988046226009118153e-09
-4.988039291141319836e-09
-4.988032443165337621e-09
-4.988025680992563773e-09
-4.988019003548032418e-09
-4.988012409770249145e-09
-4.988005898611049559e-09
-4.987999469035415649e-09
-4.987993120021286356e-09
-4.987986850559422752e-09
-4.987980659653245907e-09
-4.987974546318668144e-09
-4.987968509583950768e-09
-4.987962548489520427e-09
-4.987956662087853310e-09
-4.987950849443279932e-09
-4.987945109631909031e-09
-4.987939441741375281e-09
-4.987933844870795449e-09
-4.987928318130556640e-09
-4.987922860642214548e-09
-4.987917471538338781e-09
-4.987912149962340801e-09
-4.987906895068420159e-09
-4.987901706021346948e-09
-4.987896581996366677e-09
-4.987891522179083637e-09
-4.987886525765290501e-09
-4.987881591960856660e-09
-4.987876719981628127e-09
-4.987871909053268723e-09
-4.987867158411148406e-09
-4.987862467300232429e-09
-4.987857834974917560e-09
-4.987853260699012225e-09
-4.987848743745473471e-09
-4.987844283396441701e-09
-4.987839878943006586e-09
-4.987835529685170670e-09
-4.987831234931704610e-09
-4.987826994000016482e-09
-4.987822806216129449e-09
-4.987818670914450150e-09
-4.987814587437767872e-09
-4.987810555137102349e-09
-4.987806573371585475e-09
-4.987802641508423255e-09
-4.987798758922707205e-09
-4.987794924997387885e-09
-4.987791139123160748e-09
-4.987787400698308972e-09
-4.987783709128705949e-09
-4.987780063827656456e-09
-4.987776464215812292e-09
-4.987772909721073012e-09
-4.987769399778542913e-09
-4.987765933830374699e-09
-4.987762511325726466e-09
-4.987759131720650861e-09
-4.987755794478033869e-09
-4.987752499067468256e-09
-4.987749244965200630e-09
-4.987746031654069399e-09
-4.987742858623335203e-09
-4.987739725368726407e-09
-4.987736631392238096e-09
-4.987733576202146137e-09
-4.987730559312836781e-09
-4.987727580244822378e-09
-4.987724638524625572e-09
-4.987721733684665152e-09
-4.987718865263261013e-09
-4.987716032804485261e-09
-4.987713235858152294e-09
-4.987710473979674867e-09
-4.987707746730080635e-09
-4.987705053675881464e-09
-4.987702394388989879e-09
-4.987699768446745538e-09
-4.987697175431720018e-09
-4.987694614931754862e-09
-4.987692086539837503e-09
-4.987689589854056598e-09
-4.987687124477531718e-09
-4.987684690018383564e-09
-4.987682286089608243e-09
-4.987679912309047485e-09
-4.987677568299375408e-09
-4.987675253687939702e-09
-4.987672968106778998e-09
-4.987670711192564138e-09
-4.987668482586471616e-09
-4.987666281934195988e-09
-4.987664108885880388e-09
-4.987661963096044559e-09
-4.987659844223529439e-09
-4.987657751931436773e-09
-4.987655685887120012e-09
-4.987653645762080093e-09
-4.987651631231926559e-09
-4.987649641976346951e-09
-4.987647677679035676e-09
-4.987645738027651816e-09
-4.987643822713749646e-09
-4.987641931432762092e-09
-4.987640063883958544e-09
-4.987638219770318295e-09
-4.987636398798600029e-09
-4.987634600679186306e-09
-4.987632825126127406e-09
-4.987631071857037930e-09
-4.987629340593045515e-09
-4.987627631058813994e-09
-4.987625942982433385e-09
-4.987624276095402515e-09
-4.987622630132562848e-09
-4.987621004832106756e-09
-4.987619399935496459e-09
-4.987617815187420179e-09
-4.987616250335761536e-09
-4.987614705131591279e-09
-4.987613179329073811e-09
-4.987611672685446512e-09
-4.987610184961013946e-09
-4.987608715919037851e-09
-4.987607265325791725e-09
-4.987605832950435930e-09
-4.987604418565069800e-09
-4.987603021944579439e-09
-4.987601642866735331e-09
-4.987600281112051719e-09
-4.987598936463811418e-09
-4.987597608707986406e-09
-4.987596297633246101e-09
-4.987595003030918475e-09
-4.987593724694918097e-09
-4.987592462421744474e-09
-4.987591216010457236e-09
-4.987589985262616584e-09
-4.987588769982295688e-09
-4.987587569975985572e-09
-4.987586385052637292e-09
-4.987585215023542826e-09
-4.987584059702399594e-09
-4.987582918905232701e-09
-4.987581792450356889e-09
-4.987580680158345103e-09
-4.987579581852073984e-09
-4.987578497356579944e-09
-4.987577426499115412e-09
-4.987576369109092584e-09
-4.987575325018071017e-09
-4.987574294059669122e-09
-4.987573276069667558e-09
-4.987572270885834701e-09
-4.987571278347999433e-09
-4.987570298297981660e-09
-4.987569330579617953e-09
-4.987568375038648228e-09
-4.987567431522776954e-09
-4.987566499881594570e-09
-4.987565579966598996e-09
-4.987564671631133591e-09
-4.987563774730375573e-09
-4.987562889121307068e-09
-4.987562014662714284e-09
-4.987561151215161040e-09
-4.987560298640915146e-09
-4.987559456804007134e-09
-4.987558625570159122e-09
-4.987557804806769093e-09
-4.987556994382899321e-09
-4.987556194169258166e-09
-4.987555404038147140e-09
-4.987554623863474139e-09
-4.987553853520750963e-09
-4.987553092887026312e-09
-4.987552341840881653e-09
-4.987551600262435355e-09
-4.987550868033295537e-09
-4.987550145036536084e-09
-4.987549431156736350e-09
-4.987548726279882722e-09
-4.987548030293410807e-09
-4.987547343086135124e-09
-4.987546664548304522e-09
-4.987545994571505401e-09
-4.987545333048686528e-09
-4.987544679874162345e-09
-4.987544034943539349e-09
-4.987543398153746700e-09
-4.987542769402992380e-09
-4.987542148590762363e-09
-4.987541535617808211e-09
-4.987540930386117293e-09
-4.987540332798900378e-09
-4.987539742760575092e-09
-4.987539160176779980e-09
-4.987538584954307503e-09
-4.987538017001113966e-09
-4.987537456226320343e-09
-4.987536902540199044e-09
-4.987536355854132557e-09
-4.987535816080580357e-09
-4.987535283133140947e-09
-4.987534756926479067e-09
-4.987534237376323210e-09
-4.987533724399454871e-09
-4.987533217913707718e-09
-4.987532717837936160e-09
-4.987532224092007076e-09
-4.987531736596793194e-09
-4.987531255274163171e-09
-4.987530780046938573e-09
-4.987530310838948474e-09
-4.987529847574933501e-09
-4.987529390180597117e-09
-4.987528938582556822e-09
-4.987528492708392126e-09
-4.987528052486524609e-09
-4.987527617846311393e-09
-4.987527188717990545e-09
-4.987526765032654614e-09
-4.987526346722276264e-09
-4.987525933719680985e-09
-4.987525525958517313e-09
-4.987525123373274196e-09
-4.987524725899248740e-09
-4.987524333472578465e-09
-4.987523946030151146e-09
-4.987523563509697453e-09
-4.987523185849681766e-09
-4.987522812989368349e-09
-4.987522444868773372e-09
-4.987522081428636788e-09
-4.987521722610495127e-09
-4.987521368356553280e-09
-4.987521018609782932e-09
-4.987520673313852258e-09
-4.987520332413140805e-09
-4.987519995852722127e-09
-4.987519663578339793e-09
-4.987519335536447094e-09
-4.987519011674137556e-09
-4.987518691939186305e-09
-4.987518376280007877e-09
-4.987518064645684342e-09
-4.987517756985909056e-09
-4.987517453251001552e-09
-4.987517153391934008e-09
-4.987516857360262590e-09
-4.987516565108165508e-09
-4.987516276588394202e-09
-4.987515991754335393e-09
-4.987515710559918429e-09
-4.987515432959668227e-09
-4.987515158908677981e-09
-4.987514888362596746e-09
-4.987514621277611248e-09
-4.987514357610493028e-09
-4.987514097318523997e-09
-4.987513840359540278e-09
-4.987513586691889191e-09
-4.987513336274460687e-09
-4.987513089066609592e-09
-4.987512845028277203e-09
-4.987512604119828335e-09
-4.987512366302169604e-09
-4.987512131536689874e-09
-4.987511899785247020e-09
-4.987511671010167926e-09
-4.987511445174291506e-09
-4.987511222240882667e-09
-4.987511002173690220e-09
-4.987510784936887317e-09
-4.987510570495117777e-09
-4.987510358813466308e-09
-4.987510149857441958e-09
-4.987509943592997148e-09
-4.987509739986506984e-09
-4.987509539004761820e-09
-4.987509340614977179e-09
-4.987509144784752397e-09
-4.987508951482140931e-09
-4.987508760675538692e-09
-4.987508572333780823e-09
-4.987508386426057327e-09
-4.987508202921986688e-09
-4.987508021791526533e-09
-4.987507843005019128e-09
-4.987507666533190552e-09
-4.987507492347134151e-09
-4.987507320418274144e-09
-4.987507150718443375e-09
-4.987506983219774132e-09
-4.987506817894768447e-09
-4.987506654716298934e-09
-4.987506493657520272e-09
-4.987506334691971781e-09
-4.987506177793506281e-09
-4.987506022936301677e-09
-4.987505870094850198e-09
-4.987505719243998110e-09
-4.987505570358848931e-09
-4.987505423414873446e-09
-4.987505278387814585e-09
-4.987505135253727123e-09
-4.987504993988963620e-09
-4.987504854570190140e-09
-4.987504716974342403e-09
-4.987504581178640685e-09
-4.987504447160603043e-09
-4.987504314898046974e-09
-4.987504184369015796e-09
-4.987504055551881218e-09
-4.987503928425254831e-09
-4.987503802968021195e-09
-4.987503679159332050e-09
-4.987503556978580672e-09
-4.987503436405461433e-09
-4.987503317419878806e-09
-4.987503200002010234e-09
-4.987503084132271391e-09
-4.987502969791336027e-09
-4.987502856960105370e-09
-4.987502745619721357e-09
-4.987502635751568286e-09
-4.987502527337255453e-09
-4.987502420358637823e-09
-4.987502314797765576e-09
-4.987502210636946974e-09
-4.987502107858702864e-09
-4.987502006445751787e-09
-4.987501906381041416e-09
-4.987501807647746069e-09
-4.987501710229224528e-09
-4.987501614109077936e-09
-4.987501519271077837e-09
-4.987501425699221595e-09
-4.987501333377679455e-09
-4.987501242290846654e-09
-4.987501152423320262e-09
-4.987501063759850378e-09
-4.987500976285403820e-09
-4.987500889985142624e-09
-4.987500804844401703e-09
-4.987500720848700435e-09
-4.987500637983728594e-09
-4.987500556235389369e-09
-4.987500475589712506e-09
-4.987500396032941991e-09
-5.632377435044119531e-09
-6.023525974773783205e-09
-6.339624278544100613e-09
-6.618236100874106658e-09
-6.873159355523554864e-09
-7.111088287765802671e-09
-7.335863424977155126e-09
-7.549950562898111217e-09
-7.755061309109379744e-09
-7.952454168777655709e-09
-8.143093862351798229e-09
-8.327744907642255443e-09
-8.507027085952358970e-09
-8.681450214016643001e-09
-8.851440426737689251e-09
-9.017357755944758133e-09
-9.179509686839246451e-09
-9.338164336003309200e-09
-9.493553577186460106e-09
-9.645879890903842797e-09
-9.795321397073976872e-09
-9.942035797093573980e-09
-1.008616320088881966e-08
-1.022783111517786403e-08
-1.036715661478484735e-08
-1.050424361778574721e-08
-1.063918670453252637e-08
-1.077207194009957886e-08
-1.090297825494685168e-08
-1.103197781378049349e-08
-1.115913817935840124e-08
-1.128452638645900643e-08
-1.140820300439941022e-08
-1.153022355983860264e-08
-1.165064023180335154e-08
-1.176950210904677571e-08
-1.188685525202819741e-08
-1.200274250503168407e-08
-1.211720407779488152e-08
-1.223028557609135459e-08
-1.234202925594291137e-08
-1.245247168209628056e-08
-1.256164899237220613e-08
-1.266959518453473543e-08
-1.277634341344455693e-08
-1.288192554382901201e-08
-1.298637125252950806e-08
-1.308970848327849906e-08
-1.319197301831120253e-08
-1.329319899385718229e-08
-1.339341466773685524e-08
-1.349264825814615407e-08
-1.359092765850916561e-08
-1.368827938686062105e-08
-1.378472913921218131e-08
-1.388030236210326584e-08
-1.397502266799043801e-08
-1.406891236155782029e-08
-1.416200300892004506e-08
-1.425432539953601383e-08
-1.434590579956523020e-08
-1.443676927291994615e-08
-1.452694046356172212e-08
-1.461644273526923811e-08
-1.470530111112367343e-08
-1.479353819203164676e-08
-1.488117684255223650e-08
-1.496823830483888445e-08
-1.505474273069614034e-08
-1.514072097573279073e-08
-1.522620397591084190e-08
-1.531122214151900430e-08
-1.539579784545562549e-08
-1.547995555651981959e-08
-1.556372113790428933e-08
-1.564711767955655927e-08
-1.573017091668015904e-08
-1.581290513127370239e-08
-1.589534323638383829e-08
-1.597750785783449756e-08
-1.605942004021512913e-08
-1.614111841112661166e-08
-1.622263806541674444e-08
-1.630401511314054965e-08
-1.638527489051234832e-08
-1.646644710450584661e-08
-1.654756267136620168e-08
-1.662864893342727030e-08
-1.670974041312441358e-08
-1.679086670117815348e-08
-1.687205945679920665e-08
-1.695334744863568345e-08
-1.703476048232249660e-08
-1.711634059505742238e-08
-1.719813951512086425e-08
-1.728021802952845517e-08
-1.736260909415863001e-08
-1.744535982646911513e-08
-1.752851450546467615e-08
-1.761211849860094198e-08
-1.769622414977722331e-08
-1.778087955118640797e-08
-1.786614010406381523e-08
-1.795205507713119923e-08
-1.803867833928309378e-08
-1.812608405645379298e-08
-1.821436328046080793e-08
-1.830361931005663927e-08
-1.839392191321491741e-08
-1.848535907380457974e-08
-1.857802297145423864e-08
-1.867200659105801429e-08
-1.876741702341926901e-08
-1.886436694777211116e-08
-1.896296581142358080e-08
-1.906333468394826162e-08
-1.916564817148390267e-08
-1.927011352509521184e-08
-1.937691670261224992e-08
-1.948626644620365754e-08
-1.959837463265244993e-08
-1.971347385380981745e-08
-1.983182131369680676e-08
-1.995370912428217751e-08
-2.007943812148035819e-08
-2.020942410803979887e-08
-2.034419614709646259e-08
-2.048425250066665736e-08
-2.063016282625491023e-08
-2.078256173058762941e-08
-2.094217195571680824e-08
-2.110980699359182497e-08
-2.128655520648445853e-08
-2.147384838174387794e-08
-2.167320544249633867e-08
-2.188638197712330529e-08
-2.211546673379781041e-08
-2.236317915858392437e-08
-2.263342255553795412e-08
-2.293064770639890761e-08
-2.326043834801179639e-08
-2.363093821596426997e-08
-2.405335321225270925e-08
-2.454253970366270346e-08
-2.512242737006657577e-08
-2.582778721102551658e-08
-2.671867287497396740e-08
-2.790041878857316110e-08
-2.958194778389371122e-08
-3.224593837363331679e-08
-3.663276349886421840e-08
-4.793680514918959557e-08
-8.107272444507062206e-08
-1.136619857243557634e-07
-1.199430077047390913e-07
-1.151044994119309090e-07
-1.044654024009530298e-07
-9.183558664601947853e-08
-7.957985424656059882e-08
-6.891807093967877523e-08
-6.016924832855523996e-08
-5.268819407608296499e-08
-4.529710376421207900e-08
-3.674604520490547035e-08
-2.647631980958220018e-08
-1.678883114681471665e-08
-1.011761486086877654e-08
-5.830268825106713751e-09
-2.992990961861721505e-09
-1.022702381366571078e-09
4.121156302412174392e-10
1.499266621475143831e-09
2.347039642444343776e-09
3.019979318374581016e-09
3.558412930239782642e-09
3.989166104845764841e-09
4.331281611394871663e-09
4.599257598803092564e-09
4.804711068947795713e-09
4.957313924182059540e-09
5.065297103781276444e-09
5.135733835765990164e-09
5.174711861327850522e-09
5.187457816896170602e-09
5.178438434712191103e-09
5.151450103906626445e-09
5.109701547145846304e-09
5.055890698528998058e-09
4.992275515366074600e-09
4.920738183567052886e-09
4.842842294825800091e-09
4.759883363844182086e-09
4.672932467146182585e-09
4.582873632021062131e-09
4.490435567854760403e-09
4.396218386176613638e-09
4.300715957206832970e-09
4.204334518706375105e-09
4.107408101343907313e-09
4.010211273766714180e-09
3.912969645959151027e-09
3.815868475892827224e-09
3.719059824712061865e-09
3.622668383508667393e-09
3.526796252820744934e-09
3.431526867599799747e-09
3.336928221092094205e-09
3.243055514517308829e-09
3.149953336779432932e-09
3.057657459586224222e-09
2.966196317783527465e-09
2.875592223002712315e-09
2.785862373452459707e-09
2.697019714099553861e-09
2.609073623917680785e-09
2.522030492644148731e-09
2.435894202504456857e-09
2.350666530780131159e-09
2.266347486809110175e-09
2.182935594665437530e-09
2.100428130765664118e-09
2.018821324003681499e-09
1.938110524666257234e-09
1.858290322234566365e-09
1.779354700552403322e-09
1.701297140475830463e-09
1.624110700515899421e-09
1.547788089968477655e-09
1.472321732152792544e-09
1.397703818614985429e-09
1.323926355544188056e-09
1.250981203545549560e-09
1.178860111750097325e-09
1.107554747089679404e-09
1.037056719435867168e-09
5.768397882486908711e-10
1.210195224463461719e-11
-5.416045664144917086e-10
-1.058086803624860361e-09
-1.537601591130410751e-09
-1.985816242718087239e-09
-2.408243969414087347e-09
-2.786227322407199660e-09
-3.126170135959441056e-09
-3.434259217386823874e-09
-3.715089480443140092e-09
-3.972167466980195241e-09
-4.208280031112252486e-09
-4.425711325283472749e-09
-4.626374173090027669e-09
-4.811896209476813402e-09
-4.983679054429046366e-09
-5.142941578302967043e-09
-5.290752427596700374e-09
-5.428054548522396404e-09
-5.555684946565009169e-09
-5.674390613485087608e-09
-5.784841474096495129e-09
-5.887640786010095300e-09
-5.983333966157402733e-09
-6.072416053709140720e-09
-6.155338039555630221e-09
-6.232511753593022935e-09
-6.304314313923888903e-09
-6.371092144716257312e-09
-6.433164190018182251e-09
-6.490824816248412592e-09
-6.544346280848934244e-09
-6.593980895322004835e-09
-6.639962928260295568e-09
-6.682510273982437152e-09
-6.721825911458118745e-09
-6.758099236704673311e-09
-6.791507193533028960e-09
-6.822215344092313917e-09
-6.850378795579637078e-09
-6.876142953626647568e-09
-6.899644321008316810e-09
-6.921011162357011106e-09
-6.940364114411032140e-09
-6.957816740535208008e-09
-6.973476063868623656e-09
-6.987442960269703447e-09
-6.999812590174492720e-09
-7.010674788098306585e-09
-7.020114483550635317e-09
-7.028211862509841841e-09
-7.035042762084742499e-09
-7.040678929179683870e-09
-7.045188255477398946e-09
-7.048635016104022241e-09
-7.051080091421440196e-09
-7.052581165825849451e-09
-7.053192912266169295e-09
-7.052967163238143740e-09
-7.051953069969052340e-09
-7.050197252592759855e-09
-7.047743936428560106e-09
-7.044635085372412541e-09
-7.040910524723514880e-09
-7.036608053752950245e-09
-7.031763554191719988e-09
-7.026411090982414323e-09
-7.020583006598087935e-09
-7.014310010106598135e-09
-7.007621267055717936e-09
-7.000544484316030743e-09
-6.993105961590281045e-09
-6.985330713603758303e-09
-6.977242448809533806e-09
-6.968863678448024005e-09
-6.960215797264283019e-09
-6.951319101114541981e-09
-6.942192858871891405e-09
-6.932855366825222737e-09
-6.923324011060756472e-09
-6.913615279616849135e-09
-6.903744821207957854e-09
-6.893727486382082939e-09
-6.883577350990975513e-09
-6.873307758437306173e-09
-6.862931360243493287e-09
-6.852460150474477602e-09
-6.841905497215599025e-09
-6.831278172273308140e-09
-6.820588379417380442e-09
-6.809845781272280121e-09
-6.799059524923791586e-09
-6.788238266301227633e-09
-6.777390193394026816e-09
-6.766523048360653403e-09
-6.755644148585240045e-09
-6.744760406735174938e-09
-6.733878349869954186e-09
-6.723004137649077305e-09
-6.712143579684237624e-09
-6.701302152078376770e-09
-6.690485013192145016e-09
-6.679697018675867435e-09
-6.668942735803064382e-09
-6.658226457139846864e-09
-6.647552213582230118e-09
-6.636923786792294499e-09
-6.626344721061784365e-09
-6.615818334630923320e-09
-6.605347730488176939e-09
-6.594935806675792444e-09
-6.584585266124364072e-09
-6.574298626038704250e-09
-6.564078226855968916e-09
-6.553926240796130042e-09
-6.543844680023625292e-09
-6.533835404438356311e-09
-6.523900129113102057e-09
-6.514040431393588845e-09
-6.504257757676797059e-09
-6.494553429882167142e-09
-6.484928651629772707e-09
-6.475384514138689067e-09
-6.465922001858430568e-09
-6.456541997845363182e-09
-6.447245288895764703e-09
-6.438032570446395896e-09
-6.428904451253039838e-09
-6.419861457857088625e-09
-6.410904038849494819e-09
-6.402032568941301605e-09
-6.393247352849343567e-09
-6.384548629005216196e-09
-6.375936573095636206e-09
-6.367411301441464414e-09
-6.358972874222643888e-09
-6.350621298555879277e-09
-6.342356531431540746e-09
-6.334178482516087372e-09
-6.326087016825894557e-09
-6.318081957278131803e-09
-6.310163087124230465e-09
-6.302330152271032785e-09
-6.294582863494533182e-09
-6.286920898551116143e-09
-6.279343904190554010e-09
-6.271851498075328218e-09
-6.264443270610243624e-09
-6.257118786686319621e-09
-6.249877587342780456e-09
-6.242719191350715668e-09
-6.235643096721766540e-09
-6.228648782145335039e-09
-6.221735708357783627e-09
-6.214903319448097669e-09
-6.208151044104127325e-09
-6.201478296801994691e-09
-6.194884478940892125e-09
-6.188368979926238866e-09
-6.181931178202511152e-09
-6.175570442234054260e-09
-6.169286131430055723e-09
-6.163077597022464372e-09
-6.156944182908133818e-09
-6.150885226456608989e-09
-6.144900059268593674e-09
-6.138970058624238796e-09
-6.133095688987658604e-09
-6.127278331377915568e-09
-6.121518815969487489e-09
-6.115817567304176416e-09
-6.110174757410405122e-09
-6.104590394244589001e-09
-6.099064372134357649e-09
-6.093596502341434244e-09
-6.088186532759273409e-09
-6.082834161719155623e-09
-6.077539047751990472e-09
-6.072300816834570195e-09
-6.067119068532982183e-09
-6.061993380302283056e-09
-6.056923311733512760e-09
-6.391413204736217133e-09
-6.818869566236137956e-09
-7.238550050443585535e-09
-7.627133112952669488e-09
-7.984396033359316694e-09
-8.314949552819711446e-09
-8.623383886697453914e-09
-8.893190652272274424e-09
-9.129782801333079256e-09
-9.338435881527375056e-09
-9.523042367599415402e-09
-9.866174340460432674e-09
-1.023803437037394549e-08
-1.058832582273388607e-08
-1.085652224958728645e-08
-1.107040827756613749e-08
-1.124329530785973286e-08
-1.138418697669879987e-08
-1.148891972453004311e-08
-1.156390401012464539e-08
-1.161464721630267785e-08
-1.166528948959504748e-08
-1.161709572668372139e-08
-1.152153259954599243e-08
-1.139710244670384720e-08
-1.125407344544260091e-08
-1.109904612891767715e-08
-1.093653355918637999e-08
-1.076971310040898558e-08
-1.063111390926514510e-08
-1.050466825826423881e-08
-1.036140101434066456e-08
-1.021370727695848104e-08
-1.006520676917153200e-08
-9.917597145314893346e-09
-9.771827709563269406e-09
-9.628465645239465356e-09
-9.487846084514956489e-09
-9.358321390868844242e-09
-9.235226539193604843e-09
-9.087048755149993800e-09
-8.931248877906575567e-09
-8.773412420578161847e-09
-8.616280479277086761e-09
-8.461405849429880615e-09
-8.309711192855616452e-09
-8.161743723610030857e-09
-8.027642450406652078e-09
-7.901733679911182333e-09
-7.782153437849672938e-09
-7.634490121156829754e-09
-7.478777447557469355e-09
-7.321425384613575995e-09
-7.165539550660298487e-09
-7.012842508167004742e-09
-6.864324698786390776e-09
-6.720542193163446448e-09
-6.592440198357102771e-09
-6.473684829240163193e-09
-6.362165310734901746e-09
-6.256737579120418757e-09
-6.156642531887769105e-09
-6.061321584829230053e-09
-5.970337870227240272e-09
-5.883336356416151478e-09
-5.800021189061808567e-09
-5.720140011171181766e-09
-5.643474549845904892e-09
-5.569833832571376018e-09
-5.499049155090347157e-09
-5.430970034795677872e-09
-5.365461301097070827e-09
-5.302400721516079078e-09
-5.241676993761387600e-09
-5.183188200469430386e-09
-5.126840558270288062e-09
-5.072547377202639091e-09
-5.020228184878192509e-09
-4.969807999737127800e-09
-4.921216826850823974e-09
-4.874389063388434649e-09
-4.829262838529061283e-09
-4.785779756092026303e-09
-4.743884588845987026e-09
-4.703525022467758460e-09
-4.664651388406355284e-09
-4.627216418711355847e-09
-4.591175077104552146e-09
-4.556484398673319057e-09
-4.523103316542503045e-09
-4.490992515697172794e-09
-4.460114312068171340e-09
-4.430432547507777150e-09
-4.401912492684061997e-09
-4.374520757761146730e-09
-4.348225209485263651e-09
-4.322994896439197660e-09
-4.298799981159646418e-09
-4.275611679356017892e-09
-4.253402203436493827e-09
-4.232144710913487727e-09
-4.211813256509145409e-09
-4.192382747802255559e-09
-4.173828903902489145e-09
-4.156128217257319031e-09
-4.139257918333570078e-09
-4.123195942314765370e-09
-4.107920898028396702e-09
-4.093412039226549546e-09
-4.079649237495871991e-09
-4.329461226156453541e-09
-4.648125934068729814e-09
-4.957421576621271638e-09
-5.240154320446024219e-09
-5.497102196332747538e-09
-5.732607637677702786e-09
-5.950787370105374075e-09
-6.138943880103873428e-09
-6.301735763975372875e-09
-6.443631555723079527e-09
-6.567937978020374880e-09
-6.677164765306876725e-09
-6.773293346469131288e-09
-6.857935711544527476e-09
-6.932431879261876460e-09
-6.997913222061555103e-09
-7.055346563127131099e-09
-7.105566570376993068e-09
-7.149298958498817769e-09
-7.187179237366471496e-09
-7.219767357388348861e-09
-7.247559400029508798e-09
-7.270996939870769814e-09
-7.290474816947920177e-09
-7.306347452723663515e-09
-7.318934185607140649e-09
-7.328523723339280846e-09
-7.335377855922444950e-09
-7.339734637166017841e-09
-7.341811113495907307e-09
-7.341805643156938033e-09
-7.339899892980753178e-09
-7.336260578078025328e-09
-7.331040967416206983e-09
-7.324382200596701800e-09
-7.316414441657506886e-09
-7.307257892974994946e-09
-7.297023692480685906e-09
-7.285814708411087975e-09
-7.273726245819382769e-09
-7.260846677271594279e-09
-7.247258007354929188e-09
-7.233036379365045904e-09
-7.218252531786817106e-09
-7.202972210704686864e-09
-7.187256548747811497e-09
-7.171162396906517202e-09
-7.154742633050098205e-09
-7.138046444382084460e-09
-7.121119594675867486e-09
-7.104004651439914763e-09
-7.086741201981304614e-09
-7.069366061853721044e-09
-7.051913443553289071e-09
-7.034415148556718204e-09
-7.016900706920949721e-09
-6.999397549888989558e-09
-6.981913275640920368e-09
-6.964472841558681116e-09
-6.947100149502937011e-09
-6.929816879540581117e-09
-6.912642769210975946e-09
-6.895595876296446769e-09
-6.878692699992818817e-09
-6.861948348140692948e-09
-6.845376649294479829e-09
-6.828990245131145108e-09
-6.812800680564663282e-09
-6.796808416967231016e-09
-6.781023703159292024e-09
-6.765456388747964298e-09
-6.750115166785662211e-09
-6.735007723927821713e-09
-6.720140884527538041e-09
-6.705520628623503151e-09
-6.691152191157918889e-09
-6.677040140239320448e-09
-6.663188433107258331e-09
-6.649600461488532041e-09
-6.636279091372124346e-09
-6.623226699095020850e-09
-6.610445204559752660e-09
-6.597936102032001501e-09
-6.585700488815532811e-09
-6.573739092027224846e-09
-6.562052293649855628e-09
-6.550640154010693230e-09
-6.539502433857272111e-09
-6.528638615102430231e-09
-6.518047920239986690e-09
-6.507729330580318007e-09
-6.497681603431679474e-09
-6.487903288299762383e-09
-6.478392742157488668e-09
-6.469148143833990541e-09
-6.460167507572364600e-09
-6.451448695804408502e-09
-6.442989431188400918e-09
-6.434787307953009305e-09
-6.426839802587423072e-09
-6.419144284040676648e-09
-6.411698023181152139e-09
-6.404498201652955644e-09
-6.397541920251072154e-09
-6.390826206846817921e-09
-6.384348023869399586e-09
-6.378104275354516217e-09
-6.372091813577839111e-09
-6.366307445294729626e-09
-6.360747937607655433e-09
-6.355410023481866411e-09
-6.350290406928821038e-09
-6.345385767875256854e-09
-6.340692766735287368e-09
-6.336208048762486291e-09
-6.331928248104098244e-09
-6.327849991503448717e-09
-6.323969901778689366e-09
-6.320284601118046509e-09
-6.316790714183682379e-09
-6.313484871018331692e-09
-6.310363709758818015e-09
-6.307423879165355361e-09
-6.304662040977064096e-09
-6.302074872103631466e-09
-6.299659066662520959e-09
-6.297411337870429142e-09
-6.295328419797045040e-09
-6.293407068988784999e-09
-6.291644065969514214e-09
-6.290036216625103969e-09
-6.288580353478238558e-09
-6.287273336859378779e-09
-6.286112055979714447e-09
-6.285093429911583526e-09
-6.284214408481276289e-09
-6.283471973079407618e-09
-6.282863137393270459e-09
-6.282384948065676083e-09
-6.282034485284355838e-09
-6.281808863306053688e-09
-6.281705230918788656e-09
-6.281720771846139342e-09
-6.281852705096745937e-09
-6.282098285262292934e-09
-6.282454802767005830e-09
-6.282919584071570996e-09
-6.283489991834144732e-09
-6.284163425031145621e-09
-6.284937319040253009e-09
-6.285809145687856562e-09
-6.286776413263368148e-09
-6.287836666502293586e-09
-6.288987486540151238e-09
-6.290226490839188772e-09
-6.291551333089515227e-09
-6.292959703086488031e-09
-6.294449326585912551e-09
-6.296017965138588602e-09
-6.297663415905625002e-09
-6.299383511455836573e-09
-6.301176119546703404e-09
-6.303039142889886657e-09
-6.304970518902578896e-09
-6.306968219484268727e-09
-6.309030250781582442e-09
-6.311154652856345542e-09
-6.313325857112537803e-09
-6.315542810417355421e-09
-6.317805211384915088e-09
-6.320112379107513746e-09
-6.322463358985352734e-09
-6.324857037743079535e-09
-6.327292209914951457e-09
-6.329767615558481305e-09
-6.332281962814270710e-09
-6.334833942275551849e-09
-6.337422236676118505e-09
-6.340045527733316654e-09
-6.342702501187183261e-09
-6.345391850616877299e-09
-6.348112280294785389e-09
-6.350862507379509957e-09
-6.353641263645677596e-09
-6.356447296858221078e-09
-6.359279371860480852e-09
-6.362136271429101171e-09
-6.365016796939080825e-09
-6.367919768873917753e-09
-6.370844027209003130e-09
-6.373788431690606218e-09
-6.376751862090735334e-09
-6.379733218328261907e-09
-6.382731420490251813e-09
-6.385745408810059974e-09
-6.388774143622043877e-09
-6.391816605293221912e-09
-6.394871794129834220e-09
-6.397938730259454570e-09
-6.401016453490904010e-09
-6.404104023173992473e-09
-6.407200518055922696e-09
-6.410305036084728956e-09
-6.413416694180519434e-09
-6.416534628002537199e-09
-6.419657991720526656e-09
-6.422785957788200210e-09
-6.425917716715552666e-09
-6.429052476842088011e-09
-6.432189464134914549e-09
-6.435327921959057531e-09
-6.438467110819765090e-09
-6.441606308098890748e-09
-6.444744807797860274e-09
-6.447881920288004583e-09
-6.451016972065964920e-09
-6.454149305533207029e-09
-6.457278278769969244e-09
-6.460403265289265588e-09
-6.463523653781322534e-09
-6.466638847860537009e-09
-6.469748265819440624e-09
-6.472851340397795510e-09
-6.475947518564303838e-09
-6.479036261290410317e-09
-6.482117043313138762e-09
-6.485189352895232871e-09
-6.488252691589537143e-09
-6.491306574009890178e-09
-6.494350527609427039e-09
-6.497384092470668109e-09
-6.500406821096191941e-09
-6.503418278194160556e-09
-6.506418040461390501e-09
-6.509405696368560517e-09
-6.512380845949436816e-09
-6.515343100594833145e-09
-6.518292082851672900e-09
-6.521227426230765586e-09
-6.524148775016442777e-09
-6.527055784073645540e-09
-6.529948118653201977e-09
-6.532825454198480381e-09
-6.535687476155395768e-09
-6.538533879786740097e-09
-6.541364369994497252e-09
-6.544178661145984566e-09
-6.546976476899579933e-09
-6.549757550031422501e-09
-6.552521622264911726e-09
-6.555268444101826868e-09
-6.557997774655838697e-09
-6.560709381488699603e-09
-6.563403040447994606e-09
-6.566078535505923022e-09
-6.568735658600388800e-09
-6.571374209479110060e-09
-6.573993995546167995e-09
-6.576594831710771781e-09
-6.579176540238563763e-09
-6.581738950606009202e-09
-6.584281899357485102e-09
-6.586805229964738918e-09
-6.589308792688612083e-09
-6.591792444443207851e-09
-6.594256048662259439e-09
-6.596699475167909410e-09
-6.599122600041738146e-09
-6.601525305497553403e-09
-6.603907479755505822e-09
-6.606269016917650368e-09
-6.608609816844811387e-09
-6.610929785035047450e-09
-6.613228832504176686e-09
-6.615506875668181481e-09
-6.617763836227950786e-09
-6.619999641056033302e-09
-6.622214222085638108e-09
-6.624407516201593239e-09
-6.626579465133396189e-09
-6.628730015350065198e-09
-6.630859117956909590e-09
-6.632966728594084344e-09
-6.635052807336826321e-09
-6.637117318597404412e-09
-6.639160231028761266e-09
-6.641181517429693579e-09
-6.643181154651656960e-09
-6.645159123507170569e-09
-6.647115408679660222e-09
-6.649049998634915321e-09
-6.650962885533942898e-09
-6.652854065147401568e-09
-6.654723536771328369e-09
-6.656571303144460408e-09
-6.658397370366813813e-09
-6.660201747819797946e-09
-6.661984448087537286e-09
-6.663745486879719467e-09
-6.665484882955603025e-09
-6.667202658049476014e-09
-6.668898836797310730e-09
-6.670573446664775837e-09
-6.672226517876452866e-09
-6.673858083346289351e-09
-6.675468178609321688e-09
-6.677056841754570107e-09
-6.678624113359106588e-09
-6.680170036423333766e-09
-6.681694656307378052e-09
-6.683198020668662314e-09
-6.684680179400537344e-09
-6.686141184572079655e-09
-6.687581090368922424e-09
-6.688999953035207265e-09
-6.690397830816543511e-09
-6.691774783904030415e-09
-6.693130874379306721e-09
-6.694466166160566371e-09
-6.695780724949635490e-09
-6.697074618179982435e-09
-6.698347914965659236e-09
-6.699600686051269585e-09
-6.700833003762809487e-09
-6.702044941959421125e-09
-6.703236575986096328e-09
-6.704407982627245266e-09
-6.705559240061120457e-09
-6.706690427815161418e-09
-6.707801626722080474e-09
-6.708892918876941185e-09
-6.709964387594915885e-09
-6.711016117369922515e-09
-6.712048193834050589e-09
-6.713060703717765531e-09
-6.714053734810888917e-09
-6.715027375924307450e-09
-6.715981716852518227e-09
-6.716916848336801003e-09
-6.717832862029155597e-09
-6.718729850457009403e-09
-6.719607906988542808e-09
-6.720467125798712747e-09
-6.721307601836045538e-09
-6.722129430789983927e-09
-6.722932709058944681e-09
-6.723717533719032136e-09
-6.724484002493369651e-09
-6.725232213722051439e-09
-6.725962266332736304e-09
-6.726674259811787303e-09
-6.727368294176117002e-09
-6.728044469945494298e-09
-6.728702888115499746e-09
-6.729343650131042545e-09
-6.729966857860411057e-09
-6.730572613569897384e-09
-6.731161019898913299e-09
-6.731732179835745576e-09
-6.732286196693657091e-09
-6.732823174087698469e-09
-6.733343215911851425e-09
-6.733846426316809045e-09
-6.734332909688106778e-09
-6.734802770624881270e-09
-6.735256113918957581e-09
-6.735693044534507161e-09
-6.736113667588085498e-09
-6.736518088329190897e-09
-6.736906412121178936e-09
-6.737278744422703016e-09
-6.737635190769466760e-09
-6.737975856756534753e-09
-6.738300848020905500e-09
-6.738610270224626190e-09
-6.738904229038169674e-09
-6.739182830124342492e-09
-6.739446179122446021e-09
-6.739694381632872715e-09
-6.739927543202149855e-09
-6.740145769308135496e-09
-6.740349165345847209e-09
-6.740537836613377675e-09
-6.740711888298342163e-09
-6.740871425464611372e-09
-6.741016553039280038e-09
-6.741147375800153336e-09
-6.741263998363379707e-09
-6.741366525171457568e-09
-6.741455060481634101e-09
-6.741529708354434739e-09
-6.741590572642685655e-09
-6.741637756980665287e-09
-6.741671364773637193e-09
-6.741691499187674077e-09
-6.741698263139660483e-09
-6.741691759287690056e-09
-6.741672090021666290e-09
-6.741639357454154733e-09
-6.741593663411513962e-09
-6.741535109425313580e-09
-6.741463796723927583e-09
-6.741379826224423850e-09
-6.741283298524691869e-09
-6.741174313895768980e-09
-6.741052972274438764e-09
-6.740919373256033743e-09
-6.740773616087466385e-09
-6.740615799660446225e-09
-6.740446022505011305e-09
-6.740264382783110090e-09
-6.740070978282539052e-09
-6.739865906410976222e-09
-6.739649264190319137e-09
-6.739421148251075728e-09
-6.739181654827063745e-09
-6.738930879750270662e-09
-6.738668918445839301e-09
-6.738395865927309068e-09
-6.738111816791977949e-09
-6.737816865216487018e-09
-6.737511104952510002e-09
-6.737194629322658734e-09
-6.736867531216525097e-09
-6.736529903086932239e-09
-6.736181836946243694e-09
-6.735823424362919829e-09
-6.735454756458167763e-09
-6.735075923902790634e-09
-6.734687016914108836e-09
-6.734288125253065711e-09
-6.733821451403287366e-09
-6.733126338022707178e-09
-6.731954107846455550e-09
-6.730022130678250534e-09
-6.727069863906756053e-09
-6.722895939194700099e-09
-6.717373157825712282e-09
-6.710460594586265630e-09
-6.702202937024751012e-09
-6.692712368468903319e-09
-6.682141946318900325e-09
-6.670660854001077650e-09
-6.658436597570790743e-09
-6.645624526161938380e-09
-6.632362962031741690e-09
-6.618771921290971019e-09
-6.604953822385802386e-09
-6.590995132475214429e-09
-6.576968334901508444e-09
-6.562933890319605590e-09
-6.548942039895620890e-09
-6.535034390158564565e-09
-6.521245274601604318e-09
-6.507602909307024565e-09
-6.494130366703281579e-09
-6.480846393098829772e-09
-6.467766095850400778e-09
-6.454901517489702325e-09
-6.442262117267212366e-09
-6.429855177002686233e-09
-6.417686143312572318e-09
-6.405758918325062824e-09
-6.394076101731776549e-09
-6.382639196219485936e-09
-6.371448782450094809e-09
-6.360504667685276945e-09
-6.349806011910075660e-09
-6.339351436702515043e-09
-6.329139114451976519e-09
-6.319166844830895863e-09
-6.309432120816608966e-09
-6.299932185009133203e-09
-6.290664077455851185e-09
-6.281624676248341594e-09
-6.272810732540534413e-09
-6.264218900726469063e-09
-6.255845760937681390e-09
-6.247687840110891683e-09
-6.239741630221722274e-09
-6.232003603572913491e-09
-6.224470225567721126e-09
-6.217137965389752854e-09
-6.210003304924903580e-09
-6.203062746194106773e-09
-6.196312819400269063e-09
-6.189750085468233360e-09
-6.183371139959334179e-09
-6.177172616938612585e-09
-6.171151191958919885e-09
-6.165303584291855170e-09
-6.159626558597459165e-09
-6.154116926155296376e-09
-6.148771545737474749e-09
-6.143587326282109119e-09
-6.138561224464723076e-09
-6.133690244279357249e-09
-6.128971437695021504e-09
-6.124401904814909832e-09
-6.119978793674129053e-09
-6.115699299851314356e-09
-6.111560665964403984e-09
-6.107560182678774706e-09
-6.103695186254455258e-09
-6.099963056842291446e-09
-6.096361218629503466e-09
-6.092887139577193368e-09
-6.089538330829810891e-09
-6.086312345927531113e-09
-6.083206780000899821e-09
-6.080219268896903962e-09
-6.077347488501374234e-09
-6.074589153925110505e-09
-6.071942020677852102e-09
-6.069403880211389796e-09
-6.066972560274500732e-09
-6.064645924487720516e-09
-6.062421871828860037e-09
-6.060298336143205355e-09
-6.058273285169328070e-09
-6.340132798185926916e-09
-6.701355566511530811e-09
-7.057670289964576341e-09
-7.389312618052585312e-09
-7.695980663316113490e-09
-7.981511219711243793e-09
-8.249742379052271403e-09
-8.486709082693131728e-09
-8.696816636920153963e-09
-8.884444563181282482e-09
-9.052854817947349435e-09
-9.204536345496584536e-09
-9.341467429099268483e-09
-9.465266338735865118e-09
-9.577287577373737636e-09
-9.678683536840601405e-09
-9.770446640750428414e-09
-9.853439550792132251e-09
-9.928418635789923722e-09
-9.996052202566886103e-09
-1.005693340080175368e-08
-1.011159350588731336e-08
-1.016050852146365403e-08
-1.020410729375080205e-08
-1.024277795048505606e-08
-1.027687333708104866e-08
-1.030671526537823749e-08
-1.033259813841107130e-08
-1.035479195865670461e-08
-1.037354520416803214e-08
-1.038908708941554666e-08
-1.040162946130064335e-08
-1.041136863167575635e-08
-1.041848679482387005e-08
-1.042315343768741844e-08
-1.042552647177800681e-08
-1.042575322237756583e-08
-1.042397134614129297e-08
-1.042030964477481119e-08
-1.041488878664890149e-08
-1.040782195100592767e-08
-1.039921540953025739e-08
-1.038916904091100035e-08
-1.037777679203474404e-08
-1.036512710203301439e-08
-1.035130328778714668e-08
-1.033638389337340218e-08
-1.032044300783608347e-08
-1.030355056235689613e-08
-1.028577259285306411e-08
-1.026717149331545946e-08
-1.024780625668557857e-08
-1.022773263058004979e-08
-1.020700332943227509e-08
-1.018566825253365949e-08
-1.016377463222703955e-08
-1.014136715059515151e-08
-1.011848808681230591e-08
-1.009517754146265393e-08
-1.007147341524282774e-08
-1.004741163644306589e-08
-1.002302625484475789e-08
-9.998349409942570474e-09
-9.973411826880210025e-09
-9.948242784983697786e-09
-9.922869392077175063e-09
-9.897317390399721441e-09
-9.871611021067821089e-09
-9.845773257572667086e-09
-9.819825991024799558e-09
-9.793789846076955223e-09
-9.767684333374908456e-09
-9.741527857395958860e-09
-9.715337655525047592e-09
-9.689129962357569640e-09
-9.662920095058695571e-09
-9.636722503241401283e-09
-9.610550810129658656e-09
-9.584417851635314578e-09
-9.558269746017713726e-09
-9.531934606199370864e-09
-9.505139219938797689e-09
-9.477570328069873716e-09
-9.448938261468235608e-09
-9.419019251713116048e-09
-9.387672784869132176e-09
-9.354856554261551623e-09
-9.320626823318419695e-09
-9.285118072927091271e-09
-9.248512345231255657e-09
-9.211010519535975107e-09
-9.172811527769447383e-09
-9.134100137870248903e-09
-9.095041219015798290e-09
-9.055778215607624895e-09
-9.016433945948875996e-09
-8.977112589187478258e-09
-8.937902331512936665e-09
-8.898876611794228552e-09
-8.860096278927415592e-09
-8.821612113323987026e-09
-8.783466294164759964e-09
-8.745693653272518558e-09
-8.708322629320265059e-09
-8.671376379787503812e-09
-8.634873647335801285e-09
-8.598829439968583017e-09
-8.563255610088831490e-09
-8.528161325798961402e-09
-8.493553466107385901e-09
-8.459436977478297394e-09
-8.425815149221193189e-09
-8.619931013581933364e-09
-9.033940805489472649e-09
-9.486305422389470803e-09
-9.915559195603527792e-09
-1.031122165784301306e-08
-1.067654029042354571e-08
-1.101686417202975617e-08
-1.132340031684832914e-08
-1.159230446099758208e-08
-1.182955599030823558e-08
-1.204015315306865045e-08
-1.222784668512686359e-08
-1.239555274329277572e-08
-1.254560824466493354e-08
-1.267993585549585610e-08
-1.280014931312174316e-08
-1.290762426182899279e-08
-1.300354799336913990e-08
-1.308895177440926702e-08
-1.316474807490006114e-08
-1.323173589751613791e-08
-1.329062257983927268e-08
-1.334203855724553754e-08
-1.338655043196349300e-08
-1.342466873678794260e-08
-1.342738873721621884e-08
-1.341124984812292157e-08
-1.338216354395975545e-08
-1.334344883152918009e-08
-1.329730667732806637e-08
-1.321586437160173199e-08
-1.307202371353985687e-08
-1.290900944980539635e-08
-1.270396538461290671e-08
-1.248003987436499724e-08
-1.219226810535437189e-08
-1.188043540508551401e-08
-1.151834705452569034e-08
-1.115537826843637216e-08
-1.079714222987518425e-08
-1.045715373122111989e-08
-1.013278343695388615e-08
-9.839650008124706977e-09
-9.567617303607399647e-09
-9.328132831845444618e-09
-9.109808984517222576e-09
-8.908094711006015084e-09
-8.720247695098897839e-09
-8.544342793379051524e-09
-8.378917117576861916e-09
-8.222809539302772852e-09
-8.075028549570404921e-09
-7.934666578559472746e-09
-7.800878380825330490e-09
-7.672898118363633825e-09
-7.550045344129330620e-09
-7.431767541650174525e-09
-7.317622682241783282e-09
-7.207276842849538299e-09
-7.084141266423920341e-09
-6.958106589760589512e-09
-6.832392449519517018e-09
-6.708605958699166517e-09
-6.587670853507475879e-09
-6.470138719451639885e-09
-6.356331766742194173e-09
-6.251809869864381033e-09
-6.153450402912831542e-09
-6.060210340055789577e-09
-5.971512258067207637e-09
-5.886959475990508195e-09
-5.806247756535881986e-09
-5.729127552437247649e-09
-5.655385870360973612e-09
-5.584836292743275986e-09
-5.517312753259914962e-09
-5.452665315491401394e-09
-5.390757392156274423e-09
-5.331463563590304088e-09
-5.274667928558372699e-09
-5.220262846197769191e-09
-5.168147938833598935e-09
-5.118229276561962454e-09
-5.070418693135053097e-09
-5.024633213662070720e-09
-4.980794574139594368e-09
-4.938828873595269525e-09
-4.898666243831385827e-09
-4.860240252252851045e-09
-4.823487796635305112e-09
-4.788348846635940778e-09
-4.754766253786939711e-09
-4.722685565166245050e-09
-4.692054830265533614e-09
-4.662824427658307850e-09
-4.634946930945276133e-09
-4.608376987076638865e-09
-4.583071189221726546e-09
-4.558987954310893906e-09
-4.536087413535369565e-09
-4.514331318157587689e-09
-4.493682954293319923e-09
-4.474107062059985890e-09
-4.455569757982857538e-09
-4.438038463573249304e-09
-4.421481837258468931e-09
-4.405869712988632874e-09
-4.391173041643199398e-09
-4.377363837325305298e-09
-4.364415126442650765e-09
-4.352300899994332812e-09
-4.340996068520282938e-09
-4.330476419858058182e-09
-4.320718579180365165e-09
-4.311699971565588182e-09
-4.303398786457293419e-09
-4.295793944050998644e-09
-4.288865063602415630e-09
-4.282592433511680792e-09
-4.276956983015054176e-09
-4.271940255349264640e-09
-4.267524382297665206e-09
-4.263692060055276616e-09
-4.260426526346222042e-09
-4.257711538714417407e-09
-4.255531353902867779e-09
-4.253870708250147776e-09
-4.252714799062204008e-09
-4.252049266863721825e-09
-4.251860178475524550e-09
-4.252134010907184026e-09
-4.252857636017040530e-09
-4.254018305887186317e-09
-4.255603638869984997e-09
-4.257601606268792774e-09
-4.260000519658944761e-09
-4.262768126316458748e-09
-4.265835536589676413e-09
-4.269102614477801953e-09
-4.272457211326894616e-09
-4.275794949298529027e-09
-4.279032250956348331e-09
-4.282111618358769017e-09
-4.285007219105011562e-09
-4.287725820339077081e-09
-4.290300401146652328e-09
-4.292779938177247424e-09
-4.295219707552462039e-09
-4.297674284410660768e-09
-4.300193455312723076e-09
-4.302820367721196025e-09
-4.305591102250332611e-09
-4.308535023494755615e-09
-4.311675486772344676e-09
-4.315030655409771068e-09
-4.318614300850242372e-09
-4.322436527810296857e-09
-4.326504404962250350e-09
-4.330822500835750734e-09
-4.335393333196151032e-09
-4.340217743123659393e-09
-4.345295205247026653e-09
-4.350624084615603292e-09
-4.356201849303545442e-09
-4.362025246422135536e-09
-4.368090447918703251e-09
-4.374393171419470143e-09
-4.380917672616604267e-09
-4.387652159591453787e-09
-4.394593362374876790e-09
-4.401737901611667429e-09
-4.409081797579503671e-09
-4.416620670916046572e-09
-4.424349898561175054e-09
-4.432264711446251111e-09
-4.440360257948796476e-09
-4.448631647625973320e-09
-4.457073982851028262e-09
-4.465682382472820959e-09
-4.474451999880344404e-09
-4.483378036939853840e-09
-4.492455754774595998e-09
-4.501680482073339556e-09
-4.511047621435267339e-09
-4.520552654359761385e-09
-4.530191144598873321e-09
-4.539958740475924856e-09
-4.549851176452463314e-09
-4.559864274049232118e-09
-4.569993942209961515e-09
-4.580236177200191982e-09
-4.590587062129046367e-09
-4.601042766170038992e-09
-4.611599543537011164e-09
-4.622253732442302982e-09
-4.633001753644336680e-09
-4.643840108837906610e-09
-4.654765379024695474e-09
-4.665774222870013036e-09
-4.676863375033178379e-09
-4.688029644474425944e-09
-4.699269912754033597e-09
-4.710581132404456825e-09
-4.721960325287739117e-09
-4.733404580836534726e-09
-4.744911054293979170e-09
-4.756476965012339180e-09
-4.768099594809925125e-09
-4.779776286374115438e-09
-4.791504441703622494e-09
-4.803281520688656947e-09
-4.815105039625564456e-09
-4.826972569708488320e-09
-4.838881735572599358e-09
-4.850830219382388115e-09
-4.862815758654562711e-09
-4.874836137254106811e-09
-4.886889184760349083e-09
-4.898972776704880190e-09
-4.911084834147927964e-09
-4.923223330372095649e-09
-4.935386273843164241e-09
-4.947571713559881445e-09
-4.959777739835345432e-09
-4.972002483565489320e-09
-4.984244121187444132e-09
-4.996500866122687877e-09
-5.008770964054193333e-09
-5.021052721167322103e-09
-5.033344480956472678e-09
-5.045644601049388807e-09
-5.057951477548428848e-09
-5.070263537419236892e-09
-5.082579241675844724e-09
-5.094897080921370091e-09
-5.107215577852386247e-09
-5.119533284714449863e-09
-5.131848784902302609e-09
-5.144160689518230697e-09
-5.156467636564954985e-09
-5.168768293655745150e-09
-5.181061354311367831e-09
-5.193345537880816257e-09
-5.205619591722055302e-09
-5.217882288239224309e-09
-5.230132424062162432e-09
-5.242368821466570215e-09
-5.254590326710172185e-09
-5.266795809025978490e-09
-5.278984161631456000e-09
-5.291154300473237886e-09
-5.303305163303435018e-09
-5.315435710562084650e-09
-5.327544924076135940e-09
-5.339631806292558394e-09
-5.351695380030377931e-09
-5.363734688471381862e-09
-5.375748795380033946e-09
-5.387736784314426812e-09
-5.399697758023407078e-09
-5.411630838105310417e-09
-5.423535164745118292e-09
-5.435409896448320045e-09
-5.447254210114778466e-09
-5.459034576989367024e-09
-5.470659166937835307e-09
-5.481985770239674739e-09
-5.492851786428289559e-09
-5.503105522258266696e-09
-5.512627131343251207e-09
-5.521337394265117398e-09
-5.529206135901887456e-09
-5.536253367706109155e-09
-5.542539518045672172e-09
-5.548149997583238104e-09
-5.553180526155969406e-09
-5.557726459212815582e-09
-5.561876454054996459e-09
-5.565709491455791771e-09
-5.569294053247389857e-09
-5.572688499904771300e-09
-5.575942015568387295e-09
-5.579095749087372237e-09
-5.582183954338205662e-09
-5.585235037884217442e-09
-5.588272480039549637e-09
-5.591315625065292192e-09
-5.594380349890698813e-09
-5.597479625902991586e-09
-5.600623989257556836e-09
-5.603821934139290270e-09
-5.607080241661136942e-09
-5.610404255201956161e-09
-5.613798111221356833e-09
-5.617264933046868850e-09
-5.620806993825325883e-09
-5.624425853747681254e-09
-5.628122475764769590e-09
-5.631897323281095046e-09
-5.635750442716755606e-09
-5.639681533338560613e-09
-5.643690006360941547e-09
-5.647775034987432667e-09
-5.651935596799390128e-09
-5.656170509675575543e-09
-5.660478462197758549e-09
-5.664858039371154318e-09
-5.669307744376667217e-09
-5.673826016958898284e-09
-5.678411248955697736e-09
-5.683061797394956140e-09
-5.687775995518819285e-09
-5.692552162042488699e-09
-5.697388608908966267e-09
-5.702283647762527527e-09
-5.707235595336356611e-09
-5.712242778121236350e-09
-5.717303536026449482e-09
-5.722416225191296074e-09
-5.727579220300910548e-09
-5.732790916503105515e-09
-5.738049730949100715e-09
-5.743354103991962146e-09
-5.748702500087702839e-09
-5.754093408444333438e-09
-5.759525343459572263e-09
-5.764996844981467591e-09
-5.770506478424379954e-09
-5.776052834774602835e-09
-5.781634530491288763e-09
-5.787250207311828602e-09
-5.792898531982586895e-09
-5.798578196101899672e-09
-5.804287915756986830e-09
-5.810026430990134432e-09
-5.815792505288598896e-09
-5.821584925128505393e-09
-5.827402499539914625e-09
-5.833244059669823313e-09
-5.839108458338088970e-09
-5.844994569597091061e-09
-5.850901288288568159e-09
-5.856827529592180816e-09
-5.862772228570165184e-09
-5.868734342815784179e-09
-5.874712848718345629e-09
-5.880706740791254512e-09
-5.886715032187481305e-09
-5.892736753085358724e-09
-5.898770951214629720e-09
-5.904816689404143160e-09
-5.910873048149866652e-09
-5.916939123406265500e-09
-5.923014026242128573e-09
-5.929096890495614497e-09
-5.935186859870966987e-09
-5.941283091035430253e-09
-5.947384756055143707e-09
-5.953491041312091222e-09
-5.959601146883386453e-09
-5.965714287121827076e-09
-5.971829689564259564e-09
-5.977946594956890087e-09
-5.984064264966320915e-09
-5.990181965947172315e-09
-5.996298975154118790e-09
-6.002414582448807704e-09
-6.008528100251488907e-09
-6.014638856766197069e-09
-6.020746177911107005e-09
-6.026849410046004254e-09
-6.032947899299997671e-09
-6.039041002983779613e-09
-6.045128094664455924e-09
-6.051208554771001776e-09
-6.057281779298961187e-09
-6.063347175309502534e-09
-6.069404155028820783e-09
-6.075452140735066776e-09
-6.081490566233604837e-09
-6.087518878940912334e-09
-6.093536533836853781e-09
-6.099542993112656753e-09
-6.105537727343694349e-09
-6.111520218745873581e-09
-6.117489960817714320e-09
-6.123446452903486347e-09
-6.129389202341983047e-09
-6.135317725674717126e-09
-6.141231551990998481e-09
-6.147130216695778443e-09
-6.153013262608972814e-09
-6.158880240535197405e-09
-6.164730709711797173e-09
-6.170564238819736213e-09
-6.176380405543184456e-09
-6.182178794648507337e-09
-6.187958998169825561e-09
-6.193720615791193231e-09
-6.199463254898226320e-09
-6.205186530504974122e-09
-6.210890066791954060e-09
-6.216573495357146114e-09
-6.222236454537607938e-09
-6.227878589632467865e-09
-6.233499553128361397e-09
-6.239099004777458333e-09
-6.244676612444862977e-09
-6.250232051575047081e-09
-6.255765004129408306e-09
-6.261275158472486571e-09
-6.266762209498502005e-09
-6.272184712295014924e-09
-6.277427931410045145e-09
-6.282313926974715870e-09
-6.286639449774333907e-09
-6.290215448085277489e-09
-6.292893445939377439e-09
-6.294576521801822505e-09
-6.295229324274650466e-09
-6.294878960781218735e-09
-6.293602569975142740e-09
-6.291508091005908589e-09
-6.288716083678892479e-09
-6.285346531424699970e-09
-6.281511016770479834e-09
-6.277309041938458859e-09
-6.272827013726079176e-09
-6.268110794256962789e-09
-6.263146734404302016e-09
-6.257872236756803150e-09
-6.252203889853206190e-09
-6.246064724009279674e-09
-6.239401216839475061e-09
-6.232189456614648196e-09
-6.224440830200940617e-09
-6.216201836724593104e-09
-6.207545429225511872e-09
-6.198558413178510466e-09
-6.189330079097075816e-09
-6.179944429050714034e-09
-6.170476046747068771e-09
-6.160988633641266984e-09
-6.151535162551915867e-09
-6.142158826268093783e-09
-6.132894313744550963e-09
-6.123769122168632283e-09
-6.114804770017499801e-09
-6.106017862255569281e-09
-6.097420977096824811e-09
-6.089023420661952593e-09
-6.080831847278154906e-09
-6.072850767127164603e-09
-6.065082964235593072e-09
-6.057529834305064534e-09
-6.050191652591614224e-09
-6.043067804625522042e-09
-6.036156971512589411e-09
-6.029457280185091860e-09
-6.022966425114759764e-09
-6.016681770456344145e-09
-6.010600432881176323e-09
-6.004719334722352647e-09
-5.999035262659404669e-09
-5.993544916384123842e-09
-5.988244944826448406e-09
-5.983131945124924617e-09
-5.978202509696473217e-09
-5.973453244752292251e-09
-5.968880783474986508e-09
-5.964481800485557728e-09
-5.960253013576348814e-09
-5.956191189142899036e-09
-5.952293149620487983e-09
-5.948555776785582137e-09
-5.944976013787482273e-09
-5.941550866217327016e-09
-5.938277402447880436e-09
-5.935152753642270388e-09
-5.932174113232776213e-09
-5.929338735945179963e-09
-5.926643936636992057e-09
-5.924087089219256092e-09
-5.921665625150496140e-09
-5.919377031737781241e-09
-5.917218850560331743e-09
-5.915188677953494403e-09
-5.913284160247613205e-09
-5.911502992035636055e-09
-5.909842915596555827e-09
-5.908301719177188315e-09
-5.906877235401509710e-09
-5.905567340219960196e-09
-5.904369951053325936e-09
-5.903283025260719513e-09
-5.902304558847149099e-09
-5.901432585197482957e-09
-5.900665173995833101e-09
-5.900000429953607108e-09
-5.899436491301230302e-09
-5.898971528687795357e-09
-5.898603744179226640e-09
-5.898331370273780593e-09
-5.898152668941463225e-09
-5.898065930698223101e-09
-5.898069473719417210e-09
-5.898161642993116335e-09
-5.898340809512461621e-09
-5.898605369510377750e-09
-5.898953743747924643e-09
-5.899384376826205619e-09
-5.899895736511098497e-09
-5.900486313080463680e-09
-5.901154618702577488e-09
-5.901899186848240002e-09
-5.902718571747840184e-09
-5.903611348001390670e-09
-5.904576110006402517e-09
-5.905611471384247850e-09
-6.096616269921994919e-09
-6.341862372086438468e-09
-6.584826493494475137e-09
-6.811914912587631946e-09
-7.022680782073016927e-09
-7.219560396168673896e-09
-7.405053428625677423e-09
-7.569585097433524297e-09
-7.715997970414577220e-09
-7.847190534836549601e-09
-7.965303563412519064e-09
-8.071915618182487643e-09
-8.168221294682787221e-09
-8.255158683621431226e-09
-8.333498201873460755e-09
-8.403902228691727949e-09
-8.466960892477083256e-09
-8.523221511099897683e-09
-8.573206097402419206e-09
-8.617415268633245367e-09
-8.656323598872645941e-09
-8.690373925479881447e-09
-8.990082994520725600e-09
-9.359901680921766594e-09
-9.720398886663125568e-09
-1.005351651270294811e-08
-1.035950478341396737e-08
-1.064242002961143653e-08
-1.090623045540771644e-08
-1.113790296507946936e-08
-1.134188526270578098e-08
-1.152253714433964331e-08
-1.168311608956151511e-08
-1.182611888426986793e-08
-1.195353947903930729e-08
-1.206701950109990641e-08
-1.211153075201092868e-08
-1.211904489777971682e-08
-1.210133186249415555e-08
-1.206512577328486166e-08
-1.201493271311753151e-08
-1.195398657031800154e-08
-1.188469741853865083e-08
-1.182912343655380035e-08
-1.175171159929165943e-08
-1.166462702691151136e-08
-1.157179040953777662e-08
-1.147529853102560028e-08
-1.137649496643854232e-08
-1.127627261150546895e-08
-1.117519510021783484e-08
-1.108267730595336817e-08
-1.099385768167550761e-08
-1.090716026161933852e-08
-1.082178396366477127e-08
-1.073725260265521163e-08
-1.061724522794883524e-08
-1.046699505587452051e-08
-1.030301253737108903e-08
-1.013228639926160198e-08
-9.958836457410448082e-09
-9.721485766949584213e-09
-9.461761292407991384e-09
-9.205688076446187254e-09
-8.958758314070798889e-09
-8.720044987976521945e-09
-8.489986170727369341e-09
-8.268880602826065326e-09
-8.076082740277542150e-09
-7.899714423170848867e-09
-7.735707709865295179e-09
-7.581836131929989259e-09
-7.436634625520717246e-09
-7.286982942948057500e-09
-7.139574247088219706e-09
-6.996248031972882239e-09
-6.857734834103396793e-09
-6.724333556156907106e-09
-6.596126399907965961e-09
-6.473074645405106095e-09
-6.359014769222468728e-09
-6.251454099190553334e-09
-6.149453732668249289e-09
-6.052440020577563482e-09
-5.959991346284098543e-09
-5.871770107234155105e-09
-5.787492912564985931e-09
-5.693568063669829654e-09
-5.597932394474341550e-09
-5.503090126564004054e-09
-5.410232345720103574e-09
-5.320002989357249349e-09
-5.232756748560148866e-09
-5.148676276468748617e-09
-5.072272782881612164e-09
-5.000940933706374751e-09
-4.933785963608969133e-09
-4.870302679933004957e-09
-4.810140465930772164e-09
-4.753029707446543727e-09
-4.698750625298245683e-09
-4.647117513110615432e-09
-4.597969584876523138e-09
-4.551165210040238278e-09
-4.506578058451580351e-09
-4.464094301607289441e-09
-4.423610523780695195e-09
-4.385032131813744744e-09
-4.348272109720695858e-09
-4.313250017164321727e-09
-4.279891174627081912e-09
-4.248125990413925330e-09
-4.217889396549452073e-09
-4.189120376890911948e-09
-4.161761563473120698e-09
-4.135758894099538562e-09
-4.111061314385068797e-09
-4.087620519342536412e-09
-4.065390726615121000e-09
-4.044328475945022171e-09
-4.024392451936264742e-09
-4.005543327722904072e-09
-3.987743626876593679e-09
-3.970957616967211614e-09
-3.955151148322514000e-09
-3.940291553143112129e-09
-3.926347566719854492e-09
-3.913289256363071566e-09
-3.901087925002755316e-09
-3.889716045732513251e-09
-3.879147193271507060e-09
-3.869355985832257193e-09
-3.860318026589098696e-09
-3.851997528931036866e-09
-3.844338099897015804e-09
-3.837266255290387845e-09
-3.830702829386339942e-09
-3.824574380790523099e-09
-3.818820460822109824e-09
-3.813396326821376592e-09
-3.808276291343560333e-09
-3.803454343370318900e-09
-3.798940214790135532e-09
-3.794753084379777849e-09
-3.790915655618846237e-09
-3.787449956482660545e-09
-3.784374963816517463e-09
-3.781705604183073871e-09
-3.779452610289780866e-09
-3.777622829207018366e-09
-3.776219722675620338e-09
-3.775243912505544684e-09
-3.774693698195861038e-09
-3.774565512436879234e-09
-3.774854311203853452e-09
-3.775553898395457648e-09
-3.776657192548611874e-09
-3.778156444273960719e-09
-3.780043412634981565e-09
-3.782309507740095035e-09
-3.784945905725436262e-09
-3.787943641233439755e-09
-3.791293681589138343e-09
-3.794986986098692364e-09
-3.799014553289765433e-09
-3.803367459087354803e-09
-3.808036884613528493e-09
-3.813005493993813511e-09
-3.818265373952784033e-09
-3.823809194570813704e-09
-3.829629509834020655e-09
-3.835718841221521049e-09
-3.842069760218720115e-09
-3.848674935855342254e-09
-3.855527161384259031e-09
-3.862619369568847338e-09
-3.869944641481410133e-09
-3.877496211361247057e-09
-3.885267468956328297e-09
-3.893251960321250911e-09
-3.901443389716036058e-09
-3.909835612589987181e-09
-3.918422635729001772e-09
-3.927198615130833893e-09
-3.936157853131234636e-09
-3.945294795245743458e-09
-3.954604026843625540e-09
-3.964080269835477486e-09
-3.973718381289742932e-09
-3.983502465790465649e-09
-3.993428341197870003e-09
-4.003492501817106702e-09
-4.013691227935013003e-09
-4.024020665783154640e-09
-4.034476898805650203e-09
-4.045056019914611119e-09
-4.055754156467699835e-09
-4.066567489379011253e-09
-4.077492258603314103e-09
-4.088524771584587519e-09
-4.099661403187553640e-09
-4.110898600354716046e-09
-4.122232879811889771e-09
-4.133660829265479900e-09
-4.145179108059963591e-09
-4.156784445116471623e-09
-4.168473638338198556e-09
-4.180227727429311427e-09
-4.191999713619438113e-09
-4.203718417372286280e-09
-4.215302816859121865e-09
-4.226676912088791329e-09
-4.237779624429180139e-09
-4.248568947721964050e-09
-4.259026759949548978e-09
-4.269160100336790516e-09
-4.278996555039398889e-09
-4.288576446410786598e-09
-4.297945293372222561e-09
-4.307148319212074817e-09
-4.316227216421708194e-09
-4.325218657745736694e-09
-4.334153922999760626e-09
-4.343059139570357001e-09
-4.351955806108151285e-09
-4.360861407101581104e-09
-4.369790018165332581e-09
-4.378752855808045031e-09
-4.387758756119964592e-09
-4.396814582012709485e-09
-4.405925565007762983e-09
-4.415095589927659938e-09
-4.424327431138607589e-09
-4.433622948307317098e-09
-4.442983248592838493e-09
-4.452408821110126064e-09
-4.461899648511021917e-09
-4.471455299704586853e-09
-4.481075007182397323e-09
-4.490757730927810784e-09
-4.500502211690686904e-09
-4.510307015478076841e-09
-4.520170570665655783e-09
-4.530091198924040669e-09
-4.540067140953752167e-09
-4.550096577873631215e-09
-4.560177648976036780e-09
-4.570308466444231910e-09
-4.580487127524506098e-09
-4.590711724562950741e-09
-4.600980353431751169e-09
-4.611291120229381869e-09
-4.621642146600436616e-09
-4.632031574075625939e-09
-4.642457567599166427e-09
-4.652918318333604598e-09
-4.663412045832700429e-09
-4.673936999678928984e-09
-4.684491460678131881e-09
-4.695073741688801421e-09
-4.705682188204235417e-09
-4.716315178752111749e-09
-4.726971124873955263e-09
-4.737648470927524322e-09
-4.748345693819473472e-09
-4.759061302668882845e-09
-4.769793838401099240e-09
-4.780541873270351168e-09
-4.791304010317901706e-09
-4.802078882781913039e-09
-4.812865153613287717e-09
-4.823661514789449545e-09
-4.834466686558329457e-09
-4.845279416715712406e-09
-4.856098479923147542e-09
-4.866922677052088282e-09
-4.877750841303907189e-09
-4.888581832543109895e-09
-4.899414532518193235e-09
-4.910247844549018950e-09
-4.921080694217891656e-09
-4.931912033467853313e-09
-4.942740835036986070e-09
-4.953566088345070545e-09
-4.964386802555992922e-09
-4.975202006874993954e-09
-4.986010753936057118e-09
-4.996812117444036897e-09
-5.007605183450877856e-09
-5.018389076584810423e-09
-5.029162938014963294e-09
-5.039925913811998332e-09
-5.050677161859951528e-09
-5.061415863986610865e-09
-5.072141212460209713e-09
-5.082852414950153046e-09
-5.093548696724184504e-09
-5.104229294425124492e-09
-5.114893462746153205e-09
-5.125540468420737974e-09
-5.136169592149457040e-09
-5.146780129238180971e-09
-5.157371386240199971e-09
-5.167942682251350489e-09
-5.178493350714987009e-09
-5.189022736284655558e-09
-5.199530194966257932e-09
-5.210015094816043235e-09
-5.220476817060486358e-09
-5.230914753718821173e-09
-5.241328307372356408e-09
-5.251716891887468722e-09
-5.262079932821421654e-09
-5.272416865980815629e-09
-5.282727137152846911e-09
-5.293010203021324923e-09
-5.303265530713162214e-09
-5.313492596965275361e-09
-5.323662540820691734e-09
-5.333695987637042796e-09
-5.343469851796541484e-09
