-7.015557604847415885e-09
-7.006181173208950753e-09
-6.987473760287720159e-09
-6.963954647720591285e-09
-6.937632229519750069e-09
-6.909596567815078953e-09
-6.880502126368199153e-09
-6.850763330354098416e-09
-6.820650442701037430e-09
-6.790342858491967713e-09
-6.759961113951242098e-09
-6.729586996778451216e-09
-6.699276508486974591e-09
-6.669068344620790192e-09
-6.638989494782037876e-09
-6.609058965746953364e-09
-6.579290271123291520e-09
-6.549693105821411472e-09
-6.520274479371970529e-09
-6.491039488511660082e-09
-6.461991848249013435e-09
-6.433134260419450103e-09
-6.404468672254395541e-09
-6.375996460001509454e-09
-6.347718561059977642e-09
-6.319635570419570636e-09
-6.291747812087024535e-09
-6.264055392778097168e-09
-6.236558242872988350e-09
-6.209256148067531692e-09
-6.182148773620234015e-09
-6.155235681408406228e-09
-6.128516342195908596e-09
-6.101990145808464889e-09
-6.075656410572001618e-09
-6.049514392049374340e-09
-6.023563291111578340e-09
-5.997802261535525817e-09
-5.972230413316268126e-09
-5.946846783689394816e-09
-5.921650393277047635e-09
-5.896640251743050802e-09
-5.871815357377542263e-09
-5.847174697021799517e-09
-5.822717246280646360e-09
-5.798441970116414064e-09
-5.774347823676094689e-09
-5.750433753202344046e-09
-5.726698696938413147e-09
-5.703141585986131374e-09
-5.679761345103429354e-09
-5.656556893439273221e-09
-5.633527145209114655e-09
-5.610671010315727162e-09
-5.587987394920787873e-09
-5.565475201972163000e-09
-5.543133331692032905e-09
-5.520960682030036528e-09
-5.498956149085344434e-09
-5.477118627501027917e-09
-5.455447010833793853e-09
-5.433940191901541168e-09
-5.412597063110964904e-09
-5.391416516767250974e-09
-5.370397445367245524e-09
-5.349538741877779697e-09
-5.328839300000268171e-09
-5.308298014422618740e-09
-5.287913781059316524e-09
-5.267685497280822662e-09
-5.247612062132433065e-09
-5.227692376529205179e-09
-5.207925343006920381e-09
-5.188309864630923554e-09
-5.168844843630040099e-09
-5.149529180448581461e-09
-5.130361773394213510e-09
-5.111341518753590604e-09
-5.092467311448189047e-09
-5.073738046081913957e-09
-5.055152617303704653e-09
-5.036709920449325881e-09
-5.018408852350589518e-09
-5.000248311626066369e-09
-4.982227199400170812e-09
-4.964344394908451452e-09
-4.946598789885157601e-09
-4.928989287642550864e-09
-4.911514801053400044e-09
-4.894174251267898282e-09
-4.876966566890786261e-09
-4.859890683459212645e-09
-4.842945543148061740e-09
-4.826130094614455945e-09
-4.809443292918203311e-09
-4.792884099483870483e-09
-4.776451482085846301e-09
-4.760144414846749474e-09
-4.743961878243453766e-09
-4.727902859117378126e-09
-4.711966350686551935e-09
-4.696151352558586864e-09
-4.680456870742986966e-09
-4.664881917662867350e-09
-4.649425512165307998e-09
-4.634086679530398158e-09
-4.618864451478586673e-09
-4.603757866176536761e-09
-4.588765968241333061e-09
-4.573887808743165829e-09
-4.559122445206213545e-09
-4.544468941608258269e-09
-4.529926368378553999e-09
-4.515493802394431094e-09
-4.501170326976264535e-09
-4.486955031881337073e-09
-4.472847013296132384e-09
-4.458845373827500782e-09
-4.444949222492610630e-09
-4.431157674707591976e-09
-4.417469852275118917e-09
-4.403884883370949718e-09
-4.390401902529319627e-09
-4.377020050627351006e-09
-4.363738474868498133e-09
-4.350556328765037447e-09
-4.337472772119710754e-09
-4.324486971006479217e-09
-4.311598097750390605e-09
-4.298805330906745096e-09
-4.286107855239421490e-09
-4.273504861698568979e-09
-4.260995547397570159e-09
-4.248579115589237262e-09
-4.236254775605658748e-09
-4.224021742508555029e-09
-4.211879236487476442e-09
-4.199826482281409622e-09
-4.187862708822749032e-09
-4.175987149196004114e-09
-4.164199040701788321e-09
-4.152497624969413290e-09
-4.140882148181475825e-09
-4.129351861206942155e-09
-4.117906019738626181e-09
-4.106543884591033225e-09
-4.095264721472631419e-09
-4.084067801435665903e-09
-4.072952400715294532e-09
-4.061917800678756795e-09
-4.050963288526830427e-09
-4.040088156569737345e-09
-4.029291702227354585e-09
-4.018573228982020486e-09
-4.007932045845990021e-09
-3.997367466469569489e-09
-3.986878806891311806e-09
-3.976465380435882944e-09
-3.966126510379041657e-09
-3.955861528389718421e-09
-3.945669773547649943e-09
-3.935550591775822424e-09
-3.925503335453711676e-09
-3.915527363156684015e-09
-3.905622039481074024e-09
-3.895786734920818838e-09
-3.886020825773400268e-09
-3.876323694062762313e-09
-3.866694727472364134e-09
-3.857133319284884370e-09
-3.847638868326242520e-09
-3.838210778912610581e-09
-3.828848460799392548e-09
-3.819551329131797886e-09
-3.810318804396515993e-09
-3.801150312374133454e-09
-3.792045284092296598e-09
-3.783003155779539102e-09
-3.774023368819370985e-09
-3.765105369705054164e-09
-3.756248609994571567e-09
-3.747452546266103309e-09
-3.738716640073875101e-09
-3.730040357904229997e-09
-3.721423171132158811e-09
-3.712864555978171744e-09
-3.704363993465435133e-09
-3.695920969377283309e-09
-3.687534974215026193e-09
-3.679205503156182868e-09
-3.670932056012844623e-09
-3.662714137190562420e-09
-3.654551255647419238e-09
-3.646442924853502773e-09
-3.638388662750642832e-09
-3.630387991712481678e-09
-3.622440438504909972e-09
-3.614545534246673130e-09
-3.606702814370507481e-09
-3.598911818584355008e-09
-3.591172090833054961e-09
-3.583483179260284035e-09
-3.575844636170813771e-09
-3.568256017993021910e-09
-3.560716885241802847e-09
-3.553226802481702678e-09
-3.545785338290400417e-09
-3.538392065222453079e-09
-3.531046559773372470e-09
-3.523748402343969153e-09
-3.516497177205010742e-09
-3.509292472462163920e-09
-3.502133880021261953e-09
-3.495020995553787267e-09
-3.487953418462708893e-09
-3.480930751848603628e-09
-3.473952602476032385e-09
-3.467018580740201919e-09
-3.460128300633940053e-09
-3.453281379714908724e-09
-3.446477439073120595e-09
-3.439716103298763801e-09
-3.432997000450228524e-09
-3.426319762022444582e-09
-3.419684022915532943e-09
-3.413089421403611917e-09
-3.406535599104074835e-09
-3.400022200946849958e-09
-3.393548875144162469e-09
-3.387115273160461085e-09
-3.380721049682634176e-09
-3.374365862590451710e-09
-3.368049372927288431e-09
-3.361771244871079070e-09
-3.355531145705597807e-09
-3.349328745791865528e-09
-3.343163718539926843e-09
-3.337035740380812792e-09
-3.330944490738772812e-09
-3.324889652003733338e-09
-3.318870909503999610e-09
-3.312887951479211821e-09
-3.306940469053529172e-09
-3.301028156209099699e-09
-3.295150709759638890e-09
-3.289307829324414440e-09
-3.283499217302321166e-09
-3.277724578846260746e-09
-3.271983621837705500e-09
-3.266276056861499988e-09
-3.260601597181022429e-09
-3.254959958713243552e-09
-3.249350860004355373e-09
-3.243774022120874110e-09
-3.238229168477474116e-09
-3.232716024690944182e-09
-3.227234318463402455e-09
-3.221783779558549733e-09
-3.216364139783195220e-09
-3.210975133003018032e-09
-3.205616495219643894e-09
-3.200287964515609911e-09
-3.194989281082328654e-09
-3.189720187311252150e-09
-3.184480427746550116e-09
-3.179269749047208130e-09
-3.174087900056107970e-09
-3.168934631880276123e-09
-3.163809697760044081e-09
-3.158712853008538009e-09
-3.153643855101108962e-09
-3.148602463760554002e-09
-3.143588440992474023e-09
-3.138601550731351713e-09
-3.133641558921652888e-09
-3.128708233672725159e-09
-3.123801345324949220e-09
-3.118920666456446460e-09
-3.114065971581908287e-09
-3.109237037061106233e-09
-3.104433641290697352e-09
-3.099655564820068384e-09
-3.094902590370466374e-09
-3.090174502815273313e-09
-3.085471088901016309e-09
-3.080792136988705319e-09
-3.076137437356294221e-09
-3.071506782365631089e-09
-3.066899966477493029e-09
-3.062316786220577659e-09
-3.057757040154413572e-09
-3.053220528575749681e-09
-3.048707053116771675e-09
-3.044216417234949282e-09
-3.039748426412685817e-09
-3.035302888147399051e-09
-3.030879611902847006e-09
-3.026478409063258722e-09
-3.022099092895672310e-09
-3.017741478242797415e-09
-3.013405380936887855e-09
-3.009090618578525964e-09
-3.004797010743430977e-09
-3.000524378926769515e-09
-2.996272546472937458e-09
-2.992041333916446948e-09
-2.987830564369659365e-09
-2.983640063592545599e-09
-2.979469659595153391e-09
-2.975319182407602734e-09
-2.971188463944926621e-09
-2.967077337921225011e-09
-2.962985639782459706e-09
-2.958913206658095717e-09
-2.954859877326001102e-09
-2.950825492184762466e-09
-2.946809893230181452e-09
-2.942812924034228788e-09
-2.938834429725631180e-09
-2.934874256971511217e-09
-2.930932253959781653e-09
-2.927008270382160084e-09
-2.923102157417588526e-09
-2.919213767716073199e-09
-2.915342955382712498e-09
-2.911489575962164610e-09
-2.907653486423171790e-09
-2.903834545143368362e-09
-2.900032611894360451e-09
-2.896247547826902901e-09
-2.892479215456248260e-09
-2.888727478647751764e-09
-2.884992202602631836e-09
-2.881273253843829849e-09
-2.877570500202096948e-09
-2.873883810802212394e-09
-2.870213056049394225e-09
-2.866558107615816216e-09
-2.862918838427361817e-09
-2.859295122650394233e-09
-2.855686835678838337e-09
-2.852093854121250188e-09
-2.848516055788138418e-09
-2.844953319679433275e-09
-2.841405525972021420e-09
-2.837872556007468505e-09
-2.834354292279854650e-09
-2.830850618423809692e-09
-2.827361419202588959e-09
-2.823886580496363707e-09
-2.820425989290583926e-09
-2.816979533664493763e-09
-2.813547102779793362e-09
-2.810128586869382170e-09
-2.806723877226261076e-09
-2.803332866192590874e-09
-2.799955447148775548e-09
-2.796591514502708098e-09
-2.793240963679195863e-09
-2.789903691109458220e-09
-2.786579594220683018e-09
-2.783268571425807587e-09
-2.779970522113288170e-09
-2.776685346637137359e-09
-2.773412946306891217e-09
-2.770153223377846487e-09
-2.766906081041312675e-09
-2.763671423414962166e-09
-2.760449155533379268e-09
-2.757239183338569557e-09
-2.754041413670762456e-09
-2.750855754259092218e-09
-2.747682113712556841e-09
-2.744520401511010901e-09
-2.741370527996224551e-09
-2.738232404363117070e-09
-2.735105942650989152e-09
-2.731991055734937192e-09
-2.728887657317315539e-09
-2.725795661919292636e-09
-2.722714984872524619e-09
-2.719645542310885996e-09
-2.716587251162295029e-09
-2.713540029140659896e-09
-2.710503794737860413e-09
-2.707478467215864172e-09
-2.704463966598879500e-09
-2.701460213665669290e-09
-2.698467129941846643e-09
-2.695484637692331395e-09
-2.692512659913845107e-09
-2.689551120327507799e-09
-2.686599943371504579e-09
-2.683659054193825064e-09
-2.680728378645128125e-09
-2.677807843271594215e-09
-2.674897375307921216e-09
-2.671996902670357931e-09
-2.669106353949885625e-09
-2.666225658405352433e-09
-2.663354745956780637e-09
-2.660493547178688841e-09
-2.657641993293523740e-09
-2.654800016165125808e-09
-2.651967548292290525e-09
-2.649144522802387917e-09
-2.646330873445066475e-09
-2.643526534585945068e-09
-2.640731441200514979e-09
-2.637945528867959612e-09
-2.635168733765141313e-09
-2.632400992660634912e-09
-2.629642242908730249e-09
-2.626892422443603447e-09
-2.624151469773579588e-09
-2.621419323975274619e-09
-2.618695924688040421e-09
-2.615981212108238236e-09
-2.613275126983779693e-09
-2.610577610608516036e-09
-2.607888604816878412e-09
-2.605208051978451149e-09
-2.602535894992655468e-09
-2.599872077283464628e-09
-2.597216542794186067e-09
-2.594569235982277050e-09
-2.591930101814284802e-09
-2.589299085760714686e-09
-2.586676133791058840e-09
-2.584061192368878178e-09
-2.581454208446842618e-09
-2.578855129461871391e-09
-2.576263903330413976e-09
-2.573680478443591659e-09
-2.571104803662564077e-09
-2.568536828313853167e-09
-2.565976502184739079e-09
-2.563423775518714404e-09
-2.560878599010948330e-09
-2.558340923803811596e-09
-2.555810701482513939e-09
-2.553287884070684469e-09
-2.550772424026036001e-09
-2.548264274236117900e-09
-2.545763388014080498e-09
-2.543269719094410979e-09
-2.540783221628857035e-09
-2.538303850182274004e-09
-2.535831559728578302e-09
-2.533366305646723191e-09
-2.530908043716664205e-09
-2.528456730115507796e-09
-2.526012321413517707e-09
-2.523574774570292157e-09
-2.521144046930956328e-09
-2.518720096222338722e-09
-2.516302880549261672e-09
-2.513892358390790903e-09
-2.511488488596612066e-09
-2.509091230383361783e-09
-2.506700543331049673e-09
-2.504316387379518020e-09
-2.501938722824860495e-09
-2.499567510316012520e-09
-2.497202710851226645e-09
-2.494844285774718337e-09
-2.492492196773241451e-09
-2.490146405872749724e-09
-2.487806875435097572e-09
-2.485473568154773549e-09
-2.483146447055616858e-09
-2.480825475487620292e-09
-2.478510617123760068e-09
-2.476201835956828555e-09
-2.473899096296335648e-09
-2.471602362765423806e-09
-2.469311600297800033e-09
-2.467026774134737352e-09
-2.464747849822032433e-09
-2.462474793207121627e-09
-2.460207570436054316e-09
-2.457946147950693315e-09
-2.455690492485743643e-09
-2.453440571066010831e-09
-2.451196351003488833e-09
-2.448957799894600554e-09
-2.446724885617499168e-09
-2.444497576329254882e-09
-2.442275840463196374e-09
-2.440059646726226180e-09
-2.437848964096176197e-09
-2.435643761819164841e-09
-2.433444009407026170e-09
-2.431249676634720809e-09
-2.429060733537781201e-09
-2.426877150409851161e-09
-2.424698897800112513e-09
-2.422525946510887511e-09
-2.420358267595105598e-09
-2.418195832354001773e-09
-2.416038612334631329e-09
-2.413886579327510321e-09
-2.411739705364311865e-09
-2.409597962715508678e-09
-2.407461323888057381e-09
-2.405329761623150224e-09
-2.403203248893973428e-09
-2.401081758903430368e-09
-2.398965265081940862e-09
-2.396853741085294633e-09
-2.394747160792434055e-09
-2.392645498303323748e-09
-2.390548727936859878e-09
-2.388456824228740170e-09
-2.386369761929344668e-09
-2.384287516001762497e-09
-2.382210061619673453e-09
-2.380137374165371871e-09
-2.378069429227750366e-09
-2.376006202600336943e-09
-2.373947670279306858e-09
-2.371893808461564395e-09
-2.369844593542808497e-09
-2.367800002115643490e-09
-2.365760010967676568e-09
-2.363724597079681033e-09
-2.361693737623738870e-09
-2.359667409961389093e-09
-2.357645591641855104e-09
-2.355628260400223239e-09
-2.353615394155681700e-09
-2.351606971009786787e-09
-2.349602969244656744e-09
-2.347603367321355042e-09
-2.345608143878067263e-09
-2.343617277728512097e-09
-2.341630747860207977e-09
-2.339648533432836091e-09
-2.337670613776637721e-09
-2.335696968390706527e-09
-2.333727576941512857e-09
-2.331762419261153433e-09
-2.329801475345917020e-09
-2.327844725354666048e-09
-2.325892149607255867e-09
-2.323943728583102901e-09
-2.321999442919576605e-09
-2.320059273410563898e-09
-2.318123201004937219e-09
-2.316191206805129298e-09
-2.314263272065659121e-09
-2.312339378191694702e-09
-2.310419506737616682e-09
-2.308503639405628670e-09
-2.306591758044320014e-09
-2.304683844647357201e-09
-2.302779881352009409e-09
-2.300879850437880437e-09
-2.298983734325531867e-09
-2.297091515575132685e-09
-2.295203176885166819e-09
-2.293318701091124119e-09
-2.291438071164222368e-09
-2.289561270210100332e-09
-2.287688281467566654e-09
-2.285819088307334679e-09
-2.283953674230815595e-09
-2.282092022868837962e-09
-2.280234117980455744e-09
-2.278379943451781565e-09
-2.276529483294709138e-09
-2.274682721645788703e-09
-2.272839642765063607e-09
-2.271000231034889910e-09
-2.269164470958770477e-09
-2.267332347160262685e-09
-2.265503844381825749e-09
-2.263678947483697407e-09
-2.261857641442844645e-09
-2.260039911351782482e-09
-2.258225742417565222e-09
-2.256415119944080239e-09
-2.254608029309352626e-09
-2.252804455935972657e-09
-2.251004385279387049e-09
-2.249207802835215371e-09
-2.247414694132259956e-09
-2.245625044730388732e-09
-2.243838840231333653e-09
-2.242056066295759980e-09
-2.240276708659408304e-09
-2.238500753118159791e-09
-2.236728185519183292e-09
-2.234958991768735232e-09
-2.233193157846429312e-09
-2.231430669818223651e-09
-2.229671513846142232e-09
-2.227915676192495171e-09
-2.226163143182063336e-09
-2.224413901195276995e-09
-2.222667936681375436e-09
-2.220925236173243691e-09
-2.219185786298339594e-09
-2.217449573785600735e-09
-2.215716585469394250e-09
-2.213986808291778749e-09
-2.212260229277404755e-09
-2.210536835501386598e-09
-2.208816614096491447e-09
-2.207099552271571779e-09
-2.205385637325648139e-09
-2.203674856656093257e-09
-2.201967197762812210e-09
-2.200262648250259088e-09
-2.198561195828105353e-09
-2.196862828311267966e-09
-2.195167533619510686e-09
-2.193475299705795751e-09
-2.191786114559406072e-09
-2.190099966233631797e-09
-2.188416842866061463e-09
-2.186736732688714961e-09
-2.185059624032376718e-09
-2.183385505327933664e-09
-2.181714365106500964e-09
-2.180046191999039859e-09
-2.178380974735532139e-09
-2.176718702144128564e-09
-2.175059363150154591e-09
-2.173402946736587268e-09
-2.171749441892359347e-09
-2.170098837644886086e-09
-2.168451123093191772e-09
-2.166806287424179945e-09
-2.165164319918261536e-09
-2.163525209950520782e-09
-2.161888946990132056e-09
-2.160255520599306873e-09
-2.158624920432103574e-09
-2.156997136233229568e-09
-2.155372157836922159e-09
-2.153749975165823165e-09
-2.152130578229858501e-09
-2.150513957125212892e-09
-2.148900101946921281e-09
-2.147289002779729310e-09
-2.145680649752833241e-09
-2.144075033072283513e-09
-2.142472143031838594e-09
-2.140871970014629266e-09
-2.139274504491752010e-09
-2.137679737020292035e-09
-2.136087658241493149e-09
-2.134498258879020266e-09
-2.132911529737555259e-09
-2.131327461701516908e-09
-2.129746045733824670e-09
-2.128167272874890354e-09
-2.126591134241508036e-09
-2.125017621025889988e-09
-2.123446724494684394e-09
-2.121878435888788895e-09
-2.120312746405190248e-09
-2.118749647279301471e-09
-2.117189129823174281e-09
-2.115631185434225018e-09
-2.114075805593898754e-09
-2.112522981864387448e-09
-2.110972705885330742e-09
-2.109424969371275271e-09
-2.107879764109483876e-09
-2.106337081958272973e-09
-2.104796914845579048e-09
-2.103259254767763794e-09
-2.101724093788518925e-09
-2.100191424037845434e-09
-2.098661237711155688e-09
-2.097133527068351124e-09
-2.095608284432984312e-09
-2.094085502191404480e-09
-2.092565172792021323e-09
-2.091047288528514611e-09
-2.089531841685669440e-09
-2.088018824617734228e-09
-2.086508229764049872e-09
-2.085000049646026826e-09
-2.083494276861102949e-09
-2.081990904077585631e-09
-2.080489924030743358e-09
-2.078991329519908512e-09
-2.077495113406229099e-09
-2.076001268611065667e-09
-2.074509788114554083e-09
-2.073020664954526477e-09
-2.071533892225403231e-09
-2.070049463077438589e-09
-2.068567370715740454e-09
-2.067087608399617735e-09
-2.065610169441768475e-09
-2.064135047207571368e-09
-2.062662235114388034e-09
-2.061191726630880592e-09
-2.059723515276374320e-09
-2.058257594468756096e-09
-2.056793957504709333e-09
-2.055332597736949832e-09
-2.053873508606926709e-09
-2.052416683638810453e-09
-2.050962116429474112e-09
-2.049509800640748812e-09
-2.048059729993866347e-09
-2.046611898265723629e-09
-2.045166299286094679e-09
-2.043722926935686336e-09
-2.042281775144559170e-09
-2.040842837890963226e-09
-2.039406109200299912e-09
-2.037971583144298127e-09
-2.036539253840175085e-09
-2.035109115449998147e-09
-2.033681162180016461e-09
-2.032255388279992180e-09
-2.030831788042675623e-09
-2.029410355803136493e-09
-2.027991085938267989e-09
-2.026573972866216874e-09
-2.025159011045787077e-09
-2.023746194976013285e-09
-2.022335519195521945e-09
-2.020926977883163913e-09
-2.019520565276806485e-09
-2.018116275722448491e-09
-2.016714103656411920e-09
-2.015314043587551332e-09
-2.013916090085387957e-09
-2.012520237772648106e-09
-2.011126481320232677e-09
-2.009734815443948550e-09
-2.008345234902122994e-09
-2.006957734493923257e-09
-2.005572309057995846e-09
-2.004188953471512380e-09
-2.002807662649260516e-09
-2.001428431542990476e-09
-2.000051255140732624e-09
-1.998676128466215131e-09
-1.997303044910083336e-09
-1.995931998392123399e-09
-1.994562983159369020e-09
-1.993195993644974499e-09
-1.991831024414125397e-09
-1.990468070135662520e-09
-1.989107125559741006e-09
-1.987748185501075789e-09
-1.986391244834834228e-09
-1.985036298489617896e-09
-1.983683341442684785e-09
-1.982332368718402888e-09
-1.980983375385605296e-09
-1.979636356556213347e-09
-1.978291307384495067e-09
-1.976948223065193254e-09
-1.975607098831957976e-09
-1.974267929956454451e-09
-1.972930711747807187e-09
-1.971595439552132207e-09
-1.970262108752095339e-09
-1.968930714766486214e-09
-1.967601253049664882e-09
-1.966273719091134166e-09
-1.964948108414972619e-09
-1.963624416579364284e-09
-1.962302639176115609e-09
-1.960982771830089252e-09
-1.959664810198802475e-09
-1.958348749971889900e-09
-1.957034586870620014e-09
-1.955722316647495645e-09
-1.954411935085701818e-09
-1.953103437998748826e-09
-1.951796821229947799e-09
-1.950492080652040125e-09
-1.949189212166714791e-09
-1.947888211704224572e-09
-1.946589075222945555e-09
-1.945291798708993333e-09
-1.943996378175825121e-09
-1.942702809663785645e-09
-1.941411089239792805e-09
-1.940121212996956350e-09
-1.938833177054107209e-09
-1.937546977555555954e-09
-1.936262610670652745e-09
-1.934980072593418815e-09
-1.933699359542259854e-09
-1.932420467759570203e-09
-1.931143393511419355e-09
-1.929868133087183029e-09
-1.928594682799243319e-09
-1.927323038982663610e-09
-1.926053197994889554e-09
-1.924785156215378495e-09
-1.923518910045331044e-09
-1.922254455907392470e-09
-1.920991790245338371e-09
-1.919730909523792605e-09
-1.918471810227927852e-09
-1.917214488863194708e-09
-1.915958941955011498e-09
-1.914705166048562856e-09
-1.913453157708431624e-09
-1.912202913518413574e-09
-1.910954430081204723e-09
-1.909707704018174278e-09
-1.908462731969109451e-09
-1.907219510591943314e-09
-1.905978036562530221e-09
-1.904738306574401375e-09
-1.903500317338540663e-09
-1.902264065583111272e-09
-1.901029548053259236e-09
-1.899796761510884717e-09
-1.898565702734430250e-09
-1.897336368518637134e-09
-1.896108755674333679e-09
-1.894882861028236267e-09
-1.893658681422763647e-09
-1.892436213715754458e-09
-1.891215454780379544e-09
-1.889996401504831349e-09
-1.888779050792194877e-09
-1.887563399560264057e-09
-1.886349444741313030e-09
-1.885137183281926985e-09
-1.883926612142829701e-09
-1.882717728298686668e-09
-1.881510528737947929e-09
-1.880305010462649142e-09
-1.879101170488283366e-09
-1.877899005843574000e-09
-1.876698513570374694e-09
-1.875499690723458420e-09
-1.874302534370357823e-09
-1.873107041591239905e-09
-1.871913209478748447e-09
-1.870721035137805072e-09
-1.869530515685497161e-09
-1.868341648250961224e-09
-1.867154429975158727e-09
-1.865968858010802481e-09
-1.864784929522173418e-09
-1.863602641685020085e-09
-1.862421991686375224e-09
-1.861242976724483386e-09
-1.860065594008588561e-09
-1.858889840758905631e-09
-1.857715714206406757e-09
-1.856543211592722322e-09
-1.855372330170055733e-09
-1.854203067200984479e-09
-1.853035419958445043e-09
-1.851869385725507280e-09
-1.850704961795329964e-09
-1.849542145471019746e-09
-1.848380934065531280e-09
-1.847221324901582222e-09
-1.846063315311454299e-09
-1.844906902637006748e-09
-1.843752084229464561e-09
-1.842598857449388493e-09
-1.841447219666577048e-09
-1.840297168259866092e-09
-1.839148700617187168e-09
-1.838001814135310449e-09
-1.836856506219902440e-09
-1.835712774285283812e-09
-1.834570615754472629e-09
-1.833430028059012705e-09
-1.832291008638875997e-09
-1.831153554942431999e-09
-1.830017664426321805e-09
-1.828883334555413855e-09
-1.827750562802648836e-09
-1.826619346649010735e-09
-1.825489683583469965e-09
-1.824361571102812763e-09
-1.823235006711669728e-09
-1.822109987922374369e-09
-1.820986512254876255e-09
-1.819864577236742875e-09
-1.818744180402973109e-09
-1.817625319296055956e-09
-1.816507991465769532e-09
-1.815392194469211468e-09
-1.814277925870683721e-09
-1.813165183241622479e-09
-1.812053964160554724e-09
-1.810944266213027724e-09
-1.809836086991509766e-09
-1.808729424095389534e-09
-1.807624275130834255e-09
-1.806520637710818228e-09
-1.805418509454980762e-09
-1.804317887989625967e-09
-1.803218770947637553e-09
-1.802121155968407695e-09
-1.801025040697822970e-09
-1.799930422788151032e-09
-1.798837299898053641e-09
-1.797745669692460520e-09
-1.796655529842567490e-09
-1.795566878025781052e-09
-1.794479711925617882e-09
-1.793394029231748675e-09
-1.792309827639826294e-09
-1.791227104851529408e-09
-1.790145858574504792e-09
-1.789066086522254214e-09
-1.787987786414177446e-09
-1.786910955975443431e-09
-1.785835592937004966e-09
-1.784761695035527355e-09
-1.783689260013360913e-09
-1.782618285618454514e-09
-1.781548769604356221e-09
-1.780480709730170475e-09
-1.779414103760501642e-09
-1.778348949465410584e-09
-1.777285244620387156e-09
-1.776222987006292510e-09
-1.775162174409331387e-09
-1.774102804621009097e-09
-1.773044875438131321e-09
-1.771988384662705671e-09
-1.770933330101939827e-09
-1.769879709568186950e-09
-1.768827520878943401e-09
-1.767776761856765612e-09
-1.766727430329311238e-09
-1.765679524129183233e-09
-1.764633041094043588e-09
-1.763587979066457407e-09
-1.762544335893920824e-09
-1.761502109428832260e-09
-1.760461297528436793e-09
-1.759421898054796380e-09
-1.758383908874790893e-09
-1.757347327860031884e-09
-1.756312152886891947e-09
-1.755278381836433172e-09
-1.754246012594393288e-09
-1.753215043051199103e-09
-1.752185471101839120e-09
-1.751157294645921023e-09
-1.750130511587641903e-09
-1.749105119835690029e-09
-1.748081117303300473e-09
-1.747058501908185216e-09
-1.746037271572518465e-09
-1.745017424222922383e-09
-1.743998957790395748e-09
-1.742981870210357375e-09
-1.741966159422588630e-09
-1.740951823371176563e-09
-1.739938860004542648e-09
-1.738927267275428724e-09
-1.737917043140782844e-09
-1.736908185561873011e-09
-1.735900692504117194e-09
-1.734894561937196030e-09
-1.733889791834954596e-09
-1.732886380175358364e-09
-1.731884324940565991e-09
-1.730883624116827988e-09
-1.729884275694502026e-09
-1.728886277668010542e-09
-1.727889628035825434e-09
-1.726894324800497223e-09
-1.725900365968541931e-09
-1.724907749550524633e-09
-1.723916473560947779e-09
-1.722926536018306418e-09
-1.721937934945017878e-09
-1.720950668367450518e-09
-1.719964734315851761e-09
-1.718980130824377249e-09
-1.717996855931062310e-09
-1.717014907677778941e-09
-1.716034284110236225e-09
-1.715054983277980327e-09
-1.714077003234379401e-09
-1.713100342036540251e-09
-1.712124997745377192e-09
-1.711150968425570695e-09
-1.710178252145510718e-09
-1.709206846977352343e-09
-1.708236750996917335e-09
-1.707267962283765487e-09
-1.706300478921122037e-09
-1.705334298995850784e-09
-2.880568592474304665e-09
-3.633029092282754305e-09
-4.224325611057821436e-09
-4.730355282503040525e-09
-5.184898993744453902e-09
-5.606266492055027450e-09
-6.005387584155194212e-09
-6.389111918273130549e-09
-6.761838691583626990e-09
-7.126429895173586556e-09
-7.484759437660805294e-09
-7.838058029510128993e-09
-8.187135349372603446e-09
-8.532523623651272227e-09
-8.874572046379860721e-09
-9.213508835717810629e-09
-9.549481678618505837e-09
-9.882585029696592922e-09
-1.021287766389500647e-08
-1.054039447857710618e-08
-1.086515481527170764e-08
-1.118716700744975881e-08
-1.150643242656401148e-08
-1.182294832295207274e-08
-1.213670821392020832e-08
-1.244770421778433523e-08
-1.275592817785564425e-08
-1.306137060700874696e-08
-1.336402258868640957e-08
-1.366387677106281796e-08
-1.396092638831939393e-08
-1.425516413875249878e-08
-1.454658659343760238e-08
-1.483519335788711396e-08
-1.512098174628010279e-08
-1.540395360980838867e-08
-1.568411592044455523e-08
-1.596147546862026570e-08
-1.623603931481159023e-08
-1.650782317787409441e-08
-1.677684833071835283e-08
-1.704313028527651861e-08
-1.730669203585700419e-08
-1.756756552148410497e-08
-1.782578949840694709e-08
-1.808139319088965559e-08
-1.833441760640477151e-08
-1.858491519135299146e-08
-1.883294370359371351e-08
-1.907855045634192240e-08
-1.932179751119167018e-08
-1.956276056391465043e-08
-1.980152451134076518e-08
-2.003815611342037906e-08
-2.027273915019114259e-08
-2.050537841255493956e-08
-2.073619234744498348e-08
-2.096527220117816017e-08
-2.119272473837748442e-08
-2.141868806708695286e-08
-2.164331646762312904e-08
-2.186674705913928645e-08
-2.208911256387763439e-08
-2.231057928170746022e-08
-2.253133603774289771e-08
-2.275160057017099286e-08
-2.297154050129735629e-08
-2.319135907256710357e-08
-2.341131126387023841e-08
-2.363168159649525613e-08
-2.385273315162893242e-08
-2.407472537552534761e-08
-2.429797682476883766e-08
-2.452285685496390637e-08
-2.474980349040074948e-08
-2.497917970706340865e-08
-2.521142419256413876e-08
-2.544709151424624437e-08
-2.568681356978881677e-08
-2.593119669037948637e-08
-2.618090965010157427e-08
-2.643679679798430825e-08
-2.669988749826384689e-08
-2.697121726432247452e-08
-2.725195680364682846e-08
-2.754361968076778396e-08
-2.784802252208112440e-08
-2.816709883370300266e-08
-2.850326028782494276e-08
-2.885963868229163869e-08
-2.923976356141827115e-08
-2.964813431097957854e-08
-3.009066785893824445e-08
-3.057454673887367739e-08
-3.110963543324870825e-08
-3.170862859272242557e-08
-3.238946254490178886e-08
-3.317709295255309188e-08
-3.410788730303523890e-08
-3.523727239026818762e-08
-3.665310506621624588e-08
-3.850227972592171728e-08
-4.104389703472288190e-08
-4.475823184035450971e-08
-5.052559295787453481e-08
-5.954790816941826465e-08
-7.119360859399616405e-08
-8.002225356698951297e-08
-7.987624803803097830e-08
-6.950737789756996966e-08
-5.539065039249510003e-08
-4.254713215502738409e-08
-3.119408967600921956e-08
-2.182938100247405963e-08
-1.509886480122968834e-08
-9.988712650719413403e-09
-6.347773352989918485e-09
-3.777067463080100817e-09
-1.948923593712265814e-09
-6.306602827323076147e-10
3.359449159719218707e-10
1.057258338468884111e-09
1.517923215213869427e-09
1.826051647810544348e-09
2.034101198599899006e-09
2.172912256530352697e-09
2.262135660703222541e-09
2.314899174117073292e-09
2.340271710367858171e-09
2.344685820059694820e-09
2.332805414642862577e-09
2.308076080105820458e-09
2.273084829479657467e-09
2.229801338319745609e-09
2.179743373155545642e-09
2.124092566161323120e-09
2.063776969212426478e-09
1.999530941684270081e-09
1.931939285016483093e-09
1.861470238063276349e-09
1.788500463919845719e-09
1.713334186774488992e-09
1.636217991550068951e-09
1.557352375564036609e-09
1.476900830436150534e-09
1.394997030044024253e-09
1.311750549599622574e-09
1.227251437897052608e-09
1.141573887196386682e-09
1.054779188796274429e-09
2.032951736355414502e-09
2.564517820014714260e-09
2.927456602320390400e-09
3.202324946582137775e-09
3.424266231034494162e-09
3.611811205414042414e-09
3.775723558161005035e-09
3.922600785157229003e-09
4.056625575955692754e-09
4.180518667560363571e-09
4.296093156770382293e-09
4.404589572700686729e-09
4.506882890830339929e-09
4.603612060245183430e-09
4.695261709268237715e-09
4.782214000550581140e-09
4.864781726508681855e-09
4.943229562405363677e-09
5.017787817776266068e-09
5.088661421282722418e-09
5.156035866594961796e-09
5.220081207914646081e-09
5.280954806789495084e-09
5.338803266846525803e-09
5.393763838617573096e-09
5.445965473581296501e-09
5.495529642808577613e-09
5.542570994714466565e-09
5.587197900154492577e-09
5.629512916664026614e-09
5.669613192536899837e-09
5.707590824908749146e-09
5.743533181611042208e-09
5.777523193591008654e-09
5.809639622730372833e-09
5.839957308603857239e-09
5.868547396855888109e-09
5.895477551287442144e-09
5.920812151334814956e-09
5.944612476329041608e-09
5.966936877708448968e-09
5.987840940193734306e-09
6.007377632807405070e-09
6.025597450443313770e-09
6.042548546796481624e-09
6.058276859659116349e-09
6.072826228029015093e-09
6.086238502700723817e-09
6.098553650206284496e-09
6.109809850739836514e-09
6.120043590447821066e-09
6.129289748403622026e-09
6.137581678654228691e-09
6.144951287638065294e-09
6.151429107242947555e-09
6.157044363827339107e-09
6.161825043396632560e-09
6.165797953203579229e-09
6.168988779986094016e-09
6.171422145041986981e-09
6.173121656329527305e-09
6.174109957774476063e-09
6.174408775934665707e-09
6.174038964177469955e-09
6.173020544521463709e-09
6.171372747281353465e-09
6.169114048642910590e-09
6.166262206286333230e-09
6.162834293167648233e-09
6.158846729561872413e-09
6.154315313464536287e-09
6.149255249443328599e-09
6.143681176025311036e-09
6.137607191700581553e-09
6.131046879618267725e-09
6.124013331046228355e-09
6.116519167661607260e-09
6.108576562735564033e-09
6.100197261271531989e-09
6.091392599153252425e-09
6.082173521355059841e-09
6.072550599264460111e-09
6.062534047163652067e-09
6.052133737914274817e-09
6.041359217887049172e-09
6.030219721198420388e-09
6.018724183299568129e-09
6.006881253947753210e-09
5.994699309620812980e-09
5.982186465401539803e-09
5.969350585803454476e-09
5.956199295264752835e-09
5.942739988287158606e-09
5.928979839112528719e-09
5.914925810947409363e-09
5.900584664759108364e-09
5.885962967665236405e-09
5.871067100937637327e-09
5.855903267639845987e-09
5.840477499916545445e-09
5.824795665951696948e-09
5.808863476611904535e-09
5.792686491789865464e-09
5.776270126462591382e-09
5.759619656478037156e-09
5.742740224082965272e-09
5.725636843204398096e-09
5.708314404496391543e-09
5.690777680162938112e-09
5.673031328567674041e-09
5.655079898640309302e-09
5.636927834089106916e-09
5.618579477428568454e-09
5.600039073830586793e-09
5.581310774807591039e-09
5.562398641734788289e-09
5.543306649219332298e-09
5.524038688323201955e-09
5.504598569646276306e-09
5.484990026276065585e-09
5.465216716610058073e-09
5.445282227056296064e-09
5.425190074617759406e-09
5.404943709365511457e-09
5.384546516805812895e-09
5.364001820145560137e-09
5.343312882460836096e-09
5.322482908772513959e-09
5.301515048033280677e-09
5.280412395029771043e-09
5.259177992203404807e-09
5.237814831393805473e-09
5.216325855507662000e-09
5.194713960116658114e-09
5.172981994987352773e-09
5.151132765545909413e-09
5.129169034280422685e-09
5.107093522083715480e-09
5.084908909538910785e-09
5.062617838150273947e-09
5.040222911521695238e-09
5.017726696485041967e-09
4.995131724180410867e-09
4.972440491599840672e-09
4.949655464790637701e-09
4.926779077391003957e-09
4.903813731597182485e-09
4.880761799063279336e-09
4.857625621804615104e-09
4.834407512969846746e-09
4.811109757528498595e-09
4.787734612920985705e-09
4.764284309691177889e-09
4.740761052105483196e-09
4.717167018757052891e-09
4.693504363152910945e-09
4.669775214281728327e-09
4.645981677161458751e-09
4.622125833365785377e-09
4.598209741529715101e-09
4.574235437834317978e-09
4.550204936471075811e-09
4.526120230086447892e-09
4.501983290207377667e-09
4.477796067648043092e-09
4.453560492899114590e-09
4.429278476499675308e-09
4.404951909392835164e-09
4.380582663265514303e-09
4.356172590873086677e-09
4.331723526349662935e-09
4.307237285504285604e-09
4.282715666103996084e-09
4.258160448144139072e-09
4.233573394106372608e-09
4.208956249205115781e-09
4.184310741622794758e-09
4.159638582734430599e-09
4.134941467321965880e-09
4.110221073778859556e-09
4.085479064305332182e-09
4.060717085094751218e-09
4.035936766511340855e-09
4.011139723259944291e-09
3.986327554547841769e-09
3.961501847325052778e-09
3.936664176781178785e-09
3.911816102875775124e-09
3.886959170855917085e-09
3.862094911598603877e-09
3.837224841799098562e-09
3.812350464239258820e-09
3.787473268008810250e-09
3.762594728557487701e-09
3.737716307654309855e-09
3.712839453334382423e-09
3.687965599867382555e-09
3.663096167753366285e-09
3.638232563741311841e-09
3.613376180863653620e-09
3.588528398481159208e-09
3.563690582334075618e-09
3.538864084596440312e-09
3.514050243931947737e-09
3.489250385549937051e-09
3.464465821260645713e-09
3.439697849529622255e-09
3.414947755530576504e-09
3.390216811196822358e-09
3.365506275271144371e-09
3.340817393354143562e-09
3.316151397951017376e-09
3.291509508517009535e-09
3.266892931501274599e-09
3.242302860389685390e-09
3.217740475746239585e-09
3.193206945253436473e-09
3.168703423751651572e-09
3.144231053277493830e-09
3.119790963101294683e-09
3.095384269763940347e-09
3.071012077112811569e-09
3.046675476337313106e-09
3.022375546003686859e-09
2.998113352089461467e-09
2.973889948704297195e-09
2.949706386312740665e-09
2.925563701829744937e-09
2.901462919719236504e-09
2.877405052293227106e-09
2.853391099853809213e-09
2.829422050787797891e-09
2.805498881751290513e-09
2.781622557835319607e-09
2.757794032830489022e-09
2.734014249251117680e-09
2.710284138183609922e-09
2.686604619093188066e-09
2.662976599659415819e-09
2.639400975658389968e-09
2.615878630888062104e-09
2.592410437126659558e-09
2.568997254114876206e-09
2.545639929554809542e-09
2.522339299120318216e-09
2.499096186475241930e-09
2.475911403297431037e-09
2.452785749306471565e-09
2.429720012294495626e-09
2.406714968159079218e-09
2.383771380937957752e-09
2.360890002845082032e-09
2.338071574307931956e-09
2.315316824005762451e-09
2.292626468909006224e-09
2.270001214319393262e-09
2.247441753911019109e-09
2.224948769772239908e-09
2.202522932448317698e-09
2.180164900984934251e-09
2.157875322972486595e-09
2.135654834591022769e-09
2.113504060656126365e-09
2.091423614665501267e-09
2.069414098846309130e-09
2.047476104203284000e-09
2.025610210567606273e-09
2.003816986646526919e-09
1.982096990073813506e-09
1.960450776898440331e-09
1.938878893715496836e-09
1.917381874878216709e-09
1.895960243724616010e-09
1.874614513126743990e-09
1.853345185561536905e-09
1.832152753163654796e-09
1.811037697864151079e-09
1.790000491584194733e-09
1.769041596381029623e-09
1.748161464750481280e-09
1.727360539836325819e-09
1.706639255385226803e-09
1.685998035559407569e-09
1.665437294734544957e-09
1.644957437341972194e-09
1.624558857767169774e-09
1.604241940296589116e-09
1.584007059101097169e-09
1.563854578245624847e-09
1.543784851716964025e-09
1.523798223463984439e-09
1.503895027446716927e-09
1.484075587691421533e-09
1.464340218349860787e-09
1.444689223761869714e-09
1.425122898520086855e-09
1.405641527536488331e-09
1.386245386110431307e-09
1.366934739997645818e-09
1.347709845480338327e-09
1.328570949438002932e-09
1.309518289419088504e-09
1.290552093713117258e-09
1.271672581423643936e-09
1.252879962541527474e-09
1.234174438018897075e-09
1.215556199843490518e-09
1.197025431113544815e-09
1.178582306112957564e-09
1.160226990387016577e-09
1.141959640818399163e-09
1.123780405703655525e-09
1.105689424829847663e-09
1.087686829551756758e-09
1.069772742869162109e-09
1.051947279504588455e-09
1.034210545981238801e-09
1.016562640701167119e-09
9.990036540238377592e-10
9.815336690543574378e-10
9.641527725227945331e-10
9.468610416954419677e-10
9.296585443889284956e-10
9.125453412293040662e-10
8.955214845739191869e-10
8.785870200634491205e-10
8.617419858017427573e-10
8.449864128337907336e-10
8.283203253544542232e-10
8.117437406907299782e-10
7.952566694428640328e-10
7.788591156496948714e-10
7.625510769437227032e-10
7.463325447153152571e-10
7.302035044379806340e-10
7.141639358329001488e-10
6.982138128030612815e-10
6.823531032604535476e-10
6.665817689551545780e-10
6.508997653516530731e-10
6.353070415591162359e-10
6.198035403068757576e-10
6.043891979532673800e-10
5.890639445182870554e-10
5.738277037321921504e-10
5.586803930952584205e-10
5.436219239446699711e-10
5.286522015265120942e-10
5.137711250708462844e-10
4.989785878691464421e-10
4.842744773530398499e-10
4.696586751740454193e-10
4.551310572837365912e-10
4.406914940145156774e-10
4.263398501602750861e-10
4.120759850572852455e-10
3.978997526648839534e-10
3.838110016462366049e-10
3.698095754488122326e-10
3.558953123846180097e-10
3.420680457104054739e-10
3.283276037073221785e-10
3.146738097605634465e-10
3.011064824385840656e-10
2.876254355719680460e-10
2.742304783320292872e-10
2.609214153090846291e-10
2.476980465902300777e-10
2.345601678369888696e-10
2.215075703622915105e-10
2.085400412073141854e-10
1.956573632177196588e-10
1.828593151196855653e-10
1.701456715952218664e-10
1.575162033574173511e-10
1.449706772249612683e-10
1.325088561963809769e-10
1.201304995237251269e-10
1.078353627858490443e-10
9.562319796124541172e-11
8.349375350032062229e-11
7.144677439727331081e-11
5.948200226147549126e-11
4.759917538829938616e-11
3.579802882951810293e-11
2.407829446315190530e-11
1.243970106283143225e-11
8.819743666776957990e-13
-1.059516285448580722e-11
-2.199198087011211571e-11
-3.330875551644396421e-11
-4.454576476500449099e-11
-5.570329044600441723e-11
-6.678161808896732475e-11
-7.778103517034651046e-11
-8.870183159491773649e-11
-9.954430027755733993e-11
-1.103087360780676766e-10
-1.209954359827776321e-10
-1.316046995688822168e-10
-1.421368281146015998e-10
-1.525921249834709591e-10
-1.629708956581197201e-10
-1.732734473247887638e-10
-1.835000891663583054e-10
-1.936511319698865986e-10
-2.037268882885427932e-10
-2.137276722405800998e-10
-2.236537995483161081e-10
-2.335055873740685685e-10
-2.432833542702042045e-10
-2.529874201042901113e-10
-2.626181059411010170e-10
-2.721757338503323344e-10
-2.816606267734016453e-10
-2.910731085379296858e-10
-3.004135039602573382e-10
-3.096821389601132322e-10
-3.188793406488628018e-10
-3.280054373825578075e-10
-3.370607587841050353e-10
-3.460456357419445655e-10
-3.549604003922297689e-10
-3.638053860898082600e-10
-3.725809273716862603e-10
-3.812873599157313470e-10
-3.899250204963351593e-10
-3.984942469381706930e-10
-4.069953780688138249e-10
-4.154287536709517641e-10
-4.237947144343365760e-10
-4.320936019077521485e-10
-4.403257584513795486e-10
-4.484915271892901791e-10
-4.565912519625214764e-10
-4.646252772825931860e-10
-4.725939482854357804e-10
-4.804976106860721287e-10
-4.883366107335547128e-10
-4.961112951668126910e-10
-5.038220111707687774e-10
-5.114691063332799415e-10
-5.190529286025054502e-10
-5.265738262449985889e-10
-5.340321478042540563e-10
-5.414282420599505009e-10
-5.487624579877774604e-10
-5.560351447198144445e-10
-5.632466515055085861e-10
-5.703973276732625447e-10
-5.774875225926478625e-10
-5.845175856370446281e-10
-5.914878661470908464e-10
-5.983987133945447795e-10
-6.052504765467574352e-10
-6.120435046317424881e-10
-6.187781465038284317e-10
-6.254547508098510862e-10
-6.320736659558577178e-10
-6.386352400745209822e-10
-6.451398209929237554e-10
-6.515877562010103617e-10
-6.579793928205787776e-10
-6.643150775747841375e-10
-6.705951567581678080e-10
-6.768199762072981639e-10
-6.829898812718226783e-10
-6.891052167861602510e-10
-6.951663270416901561e-10
-7.011735557593681239e-10
-7.071272460630098548e-10
-7.130277404529579315e-10
-7.188753807803038724e-10
-7.246705082216067003e-10
-7.304134632541235360e-10
-7.361045856315371208e-10
-7.417442143600823498e-10
-7.473326876753105618e-10
-7.528703430191825297e-10
-7.583575170177709805e-10
-7.637945454592625537e-10
-7.691817632726554189e-10
-7.745195045066850923e-10
-7.798081023093459258e-10
-7.850478889078545182e-10
-7.902391955890238212e-10
-7.953823526800363596e-10
-8.004776895298135396e-10
-8.055255344906271131e-10
-8.105262149002498610e-10
-8.154800570645477839e-10
-8.203873862404122646e-10
-8.252485266191342541e-10
-8.300638013102883121e-10
-8.348335323258026595e-10
-8.395580405646967652e-10
-8.442376457979890224e-10
-8.488726666541311320e-10
-8.534634206047826638e-10
-8.580102239509983815e-10
-8.625133918097134551e-10
-8.669732381007264302e-10
-8.713900755339522714e-10
-8.757642155970444312e-10
-8.800959685434719723e-10
-8.843856433808241644e-10
-8.886335478595838856e-10
-8.928399884621427667e-10
-8.970052703922561902e-10
-9.011296975647127342e-10
-9.052135725955423192e-10
-9.092571967922538219e-10
-9.132608701447253358e-10
-9.172248913161667052e-10
-9.211495576345213971e-10
-9.250351650841537490e-10
-9.288820082977906793e-10
-9.326903805488910492e-10
-9.364605737441564729e-10
-9.401928784164822913e-10
-9.438875837180801855e-10
-9.475449774139832583e-10
-9.511653458757650443e-10
-9.547489740755993201e-10
-9.582961455804905188e-10
-9.618071425469167019e-10
-9.652822457155990892e-10
-9.687217344066283110e-10
-9.721258865148313692e-10
-9.754949785053383631e-10
-9.788292854094749168e-10
-9.821290808208545785e-10
-9.853946368916978665e-10
-9.886262243294652305e-10
-9.918241123936298066e-10
-9.949885688927508521e-10
-9.981198601817452904e-10
-1.001218251162342247e-09
-1.004284003844702610e-09
-1.007317377064950295e-09
-1.010318629216484990e-09
-1.013288017714316326e-09
-1.016225798795332434e-09
-1.019132227417571888e-09
-1.022007557202485464e-09
-1.024852040399423413e-09
-1.027665927614649025e-09
-1.030449467493213034e-09
-1.033202907402397739e-09
-1.035926493416155879e-09
-1.038620470267559947e-09
-1.041285081316033221e-09
-1.043920568527056549e-09
-1.046527172459462848e-09
-1.049105132257409525e-09
-1.051654685645345911e-09
-1.054176068924874730e-09
-1.056669516972888877e-09
-1.059135263240676819e-09
-1.061573539753609921e-09
-1.063984577070513611e-09
-1.066368603835243877e-09
-1.068725847280404692e-09
-1.071056533293585739e-09
-1.073360886406405168e-09
-1.075639129778210204e-09
-1.077891485184579755e-09
-1.080118173010276827e-09
-1.082319412245396972e-09
-1.084495420483577227e-09
-1.086646413921684480e-09
-1.088772607360382913e-09
-1.090874214205427920e-09
-1.092951446469498932e-09
-1.095004514774245862e-09
-1.097033628352775818e-09
-1.099038994830408465e-09
-1.101020820311390406e-09
-1.102979309526688161e-09
-1.104914665867482983e-09
-1.106827091386222208e-09
-1.108716786792726334e-09
-1.110583951451331939e-09
-1.112428783379868873e-09
-1.114251479250270924e-09
-1.116052234390139190e-09
-1.117831242785129528e-09
-1.119588697081908897e-09
-1.121324788591451260e-09
-1.123039707292633752e-09
-1.124733641836087413e-09
-1.126406779548119677e-09
-1.128059306434877779e-09
-1.129691407042514494e-09
-1.131303264509256261e-09
-1.132895060653467518e-09
-1.134466976006052609e-09
-1.136019189819236926e-09
-1.137551880069082780e-09
-1.139065223457308162e-09
-1.140559395413617947e-09
-1.142034570098729718e-09
-1.143490920408112211e-09
-1.144928617976020718e-09
-1.146347833179902436e-09
-1.147748735145071910e-09
-1.149131491749514665e-09
-1.150496269628789091e-09
-1.151843234181100771e-09
-1.153172549572403299e-09
-1.154484378741614062e-09
-1.155778883405830030e-09
-1.157056223992981399e-09
-1.158316559645257356e-09
-1.159560048274400420e-09
-1.160786846592259180e-09
-1.161997110124033735e-09
-1.163190993215010804e-09
-1.164368649035566307e-09
-1.165530229585783722e-09
-1.166675885700314597e-09
-1.167805767053366039e-09
-1.168920022164002109e-09
-1.170018798401485965e-09
-1.171102241990823215e-09
-1.172170498018289131e-09
-1.173223710437099598e-09
-1.174262022073108319e-09
-1.175285574630521600e-09
-1.176294508697637325e-09
-1.177288963752673071e-09
-1.178269078169549334e-09
-1.179234989223758172e-09
-1.180186833098190486e-09
-1.181124744875035027e-09
-1.182048858499158074e-09
-1.182959306808299871e-09
-1.183856221560745265e-09
-1.184739733451308972e-09
-1.185609972120957342e-09
-1.186467066163800102e-09
-1.187311143133300210e-09
-1.188142329548142491e-09
-1.188960750898104348e-09
-1.189766531649880147e-09
-1.190559795252980254e-09
-1.191340664145613529e-09
-1.192109259760613252e-09
-1.192865702531335537e-09
-1.193610111897655155e-09
-1.194342606311778332e-09
-1.195063303244310748e-09
-1.195772319190098252e-09
-1.196469769674237781e-09
-1.197155769257960887e-09
-1.197830431544588196e-09
-1.198493869185511996e-09
-1.199146193886036745e-09
-1.199787516411404883e-09
-1.200417946592679735e-09
-1.201037593332628629e-09
-1.201646564611735258e-09
-1.202244967493996352e-09
-1.202832908116960154e-09
-1.203410491688131902e-09
-1.203977822500348844e-09
-1.204535003946688308e-09
-1.205082138531395167e-09
-1.205619327878181984e-09
-1.206146672737062964e-09
-1.206664272990792526e-09
-1.207172227660876627e-09
-1.207670634913540666e-09
-1.208159592065555940e-09
-1.208639195590052444e-09
-1.209109541122302311e-09
-1.209570723465447010e-09
-1.210022836596195372e-09
-1.210465973670551408e-09
-1.210900227029483802e-09
-1.211325688204539159e-09
-1.211742447923526803e-09
-1.212150596116131820e-09
-1.212550221919499974e-09
-1.212941413683822208e-09
-1.213324258977919978e-09
-1.213698844594759441e-09
-1.214065256557049199e-09
-1.214423580122684175e-09
-1.214773899790259191e-09
-1.215116299304568680e-09
-1.215450861662048918e-09
-1.215777669116221286e-09
-1.216096803183063357e-09
-1.216408344646481525e-09
-1.216712373563666381e-09
-1.217008969270381082e-09
-1.217298210386417229e-09
-1.217580174820810244e-09
-1.217854939777168886e-09
-1.218122581758976249e-09
-1.218383176574775556e-09
-1.218636799343471561e-09
-1.218883524499489059e-09
-1.219123425797960127e-09
-1.219356576319924617e-09
-1.219583048477417726e-09
-1.219802914018629328e-09
-1.220016244032947916e-09
-1.220223108956076922e-09
-1.220423578575065418e-09
-1.220617722033324558e-09
-1.220805607835600794e-09
-1.220987303853007610e-09
-1.221162877324232388e-09
-1.221332394858038207e-09
-1.221495922439757422e-09
-1.221653525438370054e-09
-1.221805268612811872e-09
-1.221951216117645331e-09
-1.222091431508360359e-09
-1.222225977746376104e-09
-1.222354917203944054e-09
-1.222478311668979182e-09
-1.222596222349807340e-09
-1.222708709879824979e-09
-1.222815834322176440e-09
-1.222917655174356385e-09
-1.223014231372801065e-09
-1.223105621297420856e-09
-1.223191882776120594e-09
-1.223273073089359200e-09
-1.223349248974500445e-09
-1.223420466630344040e-09
-1.223486781721518993e-09
-1.223548249382844308e-09
-1.223604924223707241e-09
-1.223656860332397321e-09
-1.223704111280440568e-09
-1.223746730126833826e-09
-1.223784769422337631e-09
-1.223818281213681383e-09
-1.223847317047812992e-09
-1.223871927976006241e-09
-1.223892164558094502e-09
-1.223908076866550187e-09
-1.223919714490591491e-09
-1.223927126540289136e-09
-1.223930361650559381e-09
-1.223929467985243469e-09
-1.223924493241099807e-09
-1.223915484651754994e-09
-1.223902488991640788e-09
-1.223885552579972016e-09
-1.223864721284584697e-09
-1.223840040525828952e-09
-1.223811555280448695e-09
-1.223779310085319662e-09
-1.223743349041342325e-09
-1.223703715817137532e-09
-1.223660453652812038e-09
-1.223613605363695504e-09
-1.223563213343993526e-09
-1.223509319570496307e-09
-1.223451965606216181e-09
-1.223391192603969509e-09
-1.223327041310000147e-09
-1.223259552067560310e-09
-1.223188764820392383e-09
-1.223114719116324465e-09
-1.223037454110695521e-09
-1.222957008569878135e-09
-1.222873420874691459e-09
-1.222786729023809402e-09
-1.222696970637187434e-09
-1.222604182959415147e-09
-1.222508402863041938e-09
-1.222409666851945078e-09
-1.222308011064583844e-09
-1.222203471277282390e-09
-1.222096082907512411e-09
-1.221985881017076348e-09
-1.221872900315304431e-09
-1.221757175162267045e-09
-1.221638739571915322e-09
-1.221517627215192166e-09
-1.221393871423174512e-09
-1.221267505190113002e-09
-1.221138561175166583e-09
-1.221007071701777164e-09
-1.220873068761292659e-09
-1.220736584017487330e-09
-1.220597648810752485e-09
-1.220456294161749519e-09
-1.220312550774750063e-09
-1.220166449040746604e-09
-1.220018019040509120e-09
-1.219867290547497790e-09
-1.219714293030776325e-09
-1.219559055657868015e-09
-1.219401607297555737e-09
-1.219241976522695815e-09
-1.219080191612960123e-09
-1.218916280557593288e-09
-1.218750271058098542e-09
-1.218582190530923994e-09
-1.218412066110161717e-09
-1.218239924650134758e-09
-1.218065792728097469e-09
-1.217889696646722011e-09
-1.217711662436798271e-09
-1.217531715859706721e-09
-1.217349882409962407e-09
-1.217166187317758329e-09
-1.216980655551438499e-09
-1.216793311819998305e-09
-1.216604180575487260e-09
-1.216413286015480827e-09
-1.216220652085468078e-09
-1.216026302481282152e-09
-1.215830260651415536e-09
-1.215632549799423234e-09
-1.215433192886237629e-09
-1.215232212632457706e-09
-1.215029631520664537e-09
-1.214825471797723738e-09
-1.214619755476988462e-09
-1.214412504340558008e-09
-1.214203739941510181e-09
-1.213993483606060437e-09
-1.213781756435807267e-09
-1.213568579309821859e-09
-1.213353972886807250e-09
-1.213137957607287456e-09
-1.212920553695624968e-09
-1.212701781162167077e-09
-1.212481659805291699e-09
-1.212260209213468505e-09
-1.212037448767290471e-09
-1.211813397641478142e-09
-1.211588074806911599e-09
-1.211361499032605558e-09
-1.211133688887628018e-09
-1.210904662743104105e-09
-1.210674438774148572e-09
-1.210443034961713310e-09
-1.210210469094562235e-09
-1.209976758771119838e-09
-1.209741921401331508e-09
-1.209505974208496982e-09
-1.209268934231161484e-09
-1.209030818324833987e-09
-1.208791643163905857e-09
-1.208551425243328379e-09
-1.208310180880459846e-09
-1.208067926216742259e-09
-1.207824677219491550e-09
-1.207580449683604263e-09
-1.207335259233289463e-09
-1.207089121323690424e-09
-1.206842051242617159e-09
-1.206594064112195404e-09
-1.206345174890500921e-09
-1.206095398373207654e-09
-1.205844749195179640e-09
-1.205593241832076564e-09
-1.205340890601974002e-09
-1.205087709666869920e-09
-1.204833713034318567e-09
-1.204578914558908230e-09
-1.204323327943839701e-09
-1.204066966742416860e-09
-1.203809844359554413e-09
-1.203551974053240767e-09
-1.203293368936073273e-09
-1.203034041976664434e-09
-1.202774006000950713e-09
-1.202513273680381219e-09
-1.202251857536154526e-09
-1.201989769945868175e-09
-1.201727023147967040e-09
-1.201463629244670926e-09
-1.201199600204091746e-09
-1.200934947861824799e-09
-1.200669683922555370e-09
-1.200403819961408683e-09
-1.200137367425355699e-09
-1.199870337634536189e-09
-1.199602741783593181e-09
-1.199334590942953647e-09
-1.199065896060076923e-09
-1.198796667960749661e-09
-1.198526917350321219e-09
-1.198256654814912180e-09
-1.197985890822664629e-09
-1.197714635724935363e-09
-1.197442899757447739e-09
-1.197170693041542167e-09
-1.196898025585312654e-09
-1.196624907284743143e-09
-1.196351347924874668e-09
-1.196077357180968158e-09
-1.195802944619558062e-09
-1.195528119699645143e-09
-1.195252891773733969e-09
-1.194977270088983728e-09
-1.194701263788218215e-09
-1.194424881911075406e-09
-1.194148133395032130e-09
-1.193871027076411986e-09
-1.193593571691522512e-09
-1.193315775877607681e-09
-1.193037648173898836e-09
-1.192759197022610408e-09
-1.192480430769961690e-09
-1.192201357667172971e-09
-1.191921985871431474e-09
-1.191642323446828347e-09
-1.191362378365411662e-09
-1.191082158508081012e-09
-1.190801671665511266e-09
-1.190520925539175374e-09
-1.190239927742155216e-09
-1.189958685800163993e-09
-1.189677207152385609e-09
-1.189395499152439581e-09
-1.189113569069178229e-09
-1.188831424087680952e-09
-1.188549071310035289e-09
-1.188266517756261504e-09
-1.187983770365136040e-09
-1.187700835995073504e-09
-1.187417721424935648e-09
-1.187134433354870546e-09
-1.186850978407164793e-09
-1.186567363126997068e-09
-1.186283593983347413e-09
-1.185999677369693514e-09
-1.185715619604863520e-09
-1.185431426933789194e-09
-1.185147105528329785e-09
-1.184862661487983400e-09
-1.184578100840695991e-09
-1.184293429543586790e-09
-1.184008653483701251e-09
-1.183723778478750342e-09
-1.183438810277863278e-09
-1.183153754562283597e-09
-1.182868616946095216e-09
-1.182583402976973717e-09
-1.182298118136785019e-09
-1.182012767842422901e-09
-1.181727357446376856e-09
-1.181441892237486901e-09
-1.181156377437630919e-09
-1.180870818187813138e-09
-1.180585219556547812e-09
-1.180299586547434338e-09
-1.180013924103036520e-09
-1.179728237106729670e-09
-1.179442530383681640e-09
-1.179156808701577639e-09
-1.178871076771258612e-09
-1.178585339247234710e-09
-1.178299600728351587e-09
-1.178013865758302421e-09
-1.177728138826267947e-09
-1.177442424367455986e-09
-1.177156726763698255e-09
-1.176871050343990517e-09
-1.176585399385046997e-09
-1.176299778111925318e-09
-1.176014190698495512e-09
-1.175728641268022977e-09
-1.175443133893722272e-09
-1.175157672599254876e-09
-1.174872261359283188e-09
-1.174586904099982143e-09
-1.174301604699564882e-09
-1.174016366988794777e-09
-1.173731194751482568e-09
-1.173446091725011828e-09
-1.173161061600779853e-09
-1.172876108024752283e-09
-1.172591234597931081e-09
-1.172306444876824165e-09
-1.172021742373914419e-09
-1.171737130558142356e-09
-1.171452612855404073e-09
-1.171168192648963195e-09
-1.170883873279933532e-09
-1.170599658047734646e-09
-1.170315550210517647e-09
-1.170031552985662326e-09
-1.169747669550133667e-09
-1.169463903040991605e-09
-1.169180256555790752e-09
-1.168896733152990891e-09
-1.168613335852441497e-09
-1.168330067635707849e-09
-1.168046931446554107e-09
-1.167763930191341599e-09
-1.167481066739384301e-09
-1.167198343923416814e-09
-1.166915764539964943e-09
-1.166633331349729092e-09
-1.166351047077967046e-09
-1.166068914414907351e-09
-1.165786936016104382e-09
-1.165505114502835185e-09
-1.165223452462441925e-09
-1.164941952448757064e-09
-1.164660616982416649e-09
-1.164379448551216004e-09
-1.164098449610520421e-09
-1.163817622583565018e-09
-1.163536969861880320e-09
-1.163256493805519734e-09
-1.162976196743528562e-09
-1.162696080974214488e-09
-1.162416148765473071e-09
-1.162136402355173425e-09
-1.161856843951469025e-09
-1.161577475733068403e-09
-1.161298299849661979e-09
-1.161019318422148700e-09
-1.160740533543005796e-09
-1.160461947276573329e-09
-1.160183561659366037e-09
-1.159905378700415169e-09
-1.159627400381523879e-09
-1.159349628657594163e-09
-1.159072065456939540e-09
-1.158794712681512315e-09
-1.158517572207287601e-09
-1.158240645884489963e-09
-1.157963935537864530e-09
-1.157687442967031232e-09
-1.157411169946683948e-09
-1.157135118226918270e-09
-1.156859289533485867e-09
-1.156583685568065797e-09
-1.156308307992091473e-09
-1.156033158426026878e-09
-1.155758238461018647e-09
-1.155483549664808135e-09
-1.155209093583806599e-09
-1.154934871743634531e-09
-1.154660885649235590e-09
-1.154387136784933482e-09
-1.154113626614531627e-09
-1.153840356581412216e-09
-1.153567328108664428e-09
-1.153294542599326168e-09
-1.153022001436497187e-09
-1.152749705983566763e-09
-1.152477657584427112e-09
-1.152205857563686184e-09
-1.151934307226838471e-09
-1.151663007860477803e-09
-1.151391960732524821e-09
-1.151121167092455279e-09
-1.150850628171411920e-09
-1.150580345182475999e-09
-1.150310319320880074e-09
-1.150040551764121331e-09
-1.149771043672231449e-09
-1.149501796187948245e-09
-1.149232810436899302e-09
-1.148964087527772993e-09
-1.148695628552545128e-09
-1.148427434586622468e-09
-1.148159506689040628e-09
-1.147891845902648748e-09
-1.147624453254294985e-09
-1.147357329754996085e-09
-1.147090476400080696e-09
-1.146823894169401122e-09
-1.146557584027519234e-09
-1.146291546923819792e-09
-1.146025783792723033e-09
-1.145760295553813501e-09
-1.145495083112052637e-09
-1.145230147357921255e-09
-1.144965489167532252e-09
-1.144701109402859731e-09
-1.144437008911864944e-09
-1.144173188528668546e-09
-1.143909649073663102e-09
-1.143646391353712425e-09
-1.143383416162279800e-09
-1.143120724279597756e-09
-1.142858316472768364e-09
-1.142596193495961554e-09
-1.142334356090543739e-09
-1.142072804985218646e-09
-1.141811540896156975e-09
-1.141550564527165143e-09
-1.141289876569800264e-09
-1.141029477703497739e-09
-1.140769368595741245e-09
-1.140509549902205419e-09
-1.140250022266826588e-09
-1.139990786321988052e-09
-1.139731842688632997e-09
-1.139473191976421245e-09
-1.139214834783800185e-09
-1.138956771698175791e-09
-1.138699003296039806e-09
-1.138441530143069202e-09
-1.138184352794255022e-09
-1.137927471794029140e-09
-1.137670887676392890e-09
-1.137414600965030388e-09
-1.137158612173422479e-09
-1.136902921804946202e-09
-1.136647530353030715e-09
-1.136392438301228848e-09
-1.136137646123358960e-09
-1.135883154283604414e-09
-1.135628963236612831e-09
-1.135375073427667323e-09
-1.135121485292685869e-09
-1.134868199258420458e-09
-1.134615215742528025e-09
-1.134362535153684389e-09
-1.134110157891654980e-09
-1.133858084347451795e-09
-1.133606314903403297e-09
-1.133354849933240853e-09
-1.133103689802240392e-09
-1.132852834867279063e-09
-1.132602285476949179e-09
-1.132352041971671546e-09
-1.132102104683767216e-09
-1.131852473937527798e-09
-1.131603150049386479e-09
-1.131354133327931879e-09
-1.131105424074050326e-09
-1.130857022580983136e-09
-1.130608929134425052e-09
-1.130361144012624742e-09
-1.130113667486469382e-09
-1.129866499819541935e-09
-1.129619641268249158e-09
-1.129373092081891708e-09
-1.129126852502736311e-09
-1.128880922766100548e-09
-1.128635303100423993e-09
-1.128389993707273192e-09
-1.128144994763502460e-09
-1.127900306436046566e-09
-1.127655928887150988e-09
-1.127411862275337655e-09
-1.127168106755192352e-09
-1.126924662477051642e-09
-1.126681529586576860e-09
-1.126438708224682772e-09
-1.126196198527281979e-09
-1.125954000625355841e-09
-1.125712114644798559e-09
-1.125470540706544353e-09
-1.125229278926482880e-09
-1.124988329415572356e-09
-1.124747692279825694e-09
-1.124507367620409979e-09
-1.124267355533618133e-09
-1.124027656110996509e-09
-1.123788269439344891e-09
-1.123549195600801901e-09
-1.123310434672859472e-09
-1.123071986728447845e-09
-1.122833851835935151e-09
-1.122596030059241979e-09
-1.122358521457840755e-09
-1.122121326086840937e-09
-1.121884443996989852e-09
-1.121647875234771119e-09
-1.121411619842433609e-09
-1.121175677858019565e-09
-1.120940049315436155e-09
-1.120704734244469531e-09
-1.120469732670898158e-09
-1.120235044616435940e-09
-1.120000670098889386e-09
-1.119766609132113981e-09
-1.119532861726071458e-09
-1.119299427886943547e-09
-1.119066307617089158e-09
-1.118833500915115941e-09
-1.118601007775950590e-09
-1.118368828190838846e-09
-1.118136962147431729e-09
-1.117905409629756175e-09
-1.117674170618343454e-09
-1.117443245090214489e-09
-1.117212633018922869e-09
-1.116982334374625983e-09
-1.116752349124055870e-09
-1.116522677230648251e-09
-1.116293318654527436e-09
-1.116064273352549133e-09
-1.115835541278329396e-09
-1.115607122382314729e-09
-1.115379016611782915e-09
-1.115151223910928007e-09
-1.114923744220831791e-09
-1.114696577479534716e-09
-1.114469723622107655e-09
-1.114243182580594205e-09
-1.114016954284139107e-09
-1.113791038658973775e-09
-1.113565435628473161e-09
-1.113340145113156166e-09
-1.113115167030741688e-09
-1.112890501296206521e-09
-1.112666147821769843e-09
-1.112442106516965601e-09
-1.112218377288655737e-09
-1.111994960041030818e-09
-1.111771854675737414e-09
-1.111549061091793109e-09
-1.111326579185700237e-09
-1.111104408851446090e-09
-1.110882549980530629e-09
-1.110661002462009701e-09
-1.110439766182494836e-09
-1.110218841026238650e-09
-1.109998226875106309e-09
-1.109777923608632401e-09
-1.109557931104063735e-09
-1.109338249236344664e-09
-1.109118877878188430e-09
-1.108899816900091635e-09
-1.108681066170348101e-09
-1.108462625555077405e-09
-1.108244494918267273e-09
-1.108026674121802530e-09
-1.107809163025478959e-09
-1.107591961487031626e-09
-1.107375069362149155e-09
-1.107158486504545274e-09
-1.106942212765915186e-09
-1.106726247996007735e-09
-1.106510592042653328e-09
-1.106295244751777377e-09
-1.106080205967387471e-09
-1.105865475531686502e-09
-1.105651053284987047e-09
-1.105436939065825102e-09
-1.105223132710946649e-09
-1.105009634055321090e-09
-1.104796442932197914e-09
-1.104583559173079187e-09
-1.104370982607775808e-09
-1.104158713064450104e-09
-1.103946750369601561e-09
-1.103735094348081716e-09
-1.103523744823164052e-09
-1.103312701616502431e-09
-1.103101964548216089e-09
-1.102891533436860477e-09
-1.102681408099471103e-09
-1.102471588351576762e-09
-1.102262074007228496e-09
-1.102052864879013232e-09
-1.101843960778083362e-09
-1.101635361514141230e-09
-1.101427066895524746e-09
-1.101219076729151342e-09
-1.101011390820588081e-09
-1.100804008974051857e-09
-1.100596930992452413e-09
-1.100390156677349329e-09
-1.100183685829037422e-09
-1.099977518246532690e-09
-1.099771653727600640e-09
-1.099566092068769730e-09
-1.099360833065347294e-09
-1.099155876511417679e-09
-1.098951222199900768e-09
-1.098746869922550118e-09
-1.098542819469955032e-09
-1.098339070631581708e-09
-1.098135623195773237e-09
-1.097932476949750850e-09
-1.097729631679683807e-09
-1.097527087170661281e-09
-1.097324843202429269e-09
-1.097122899521067932e-09
-1.096921255867570683e-09
-1.096719911985275166e-09
-1.096518867620460477e-09
-1.096318122521651717e-09
-1.096117676438808523e-09
-1.095917529122814907e-09
-1.095717680325037749e-09
-1.095518129797113793e-09
-1.095318877290750924e-09
-1.095119922557657234e-09
-1.094921265349413012e-09
-1.094722905417469923e-09
-1.094524842513081317e-09
-1.094327076387301603e-09
-1.094129606790971782e-09
-1.093932433474748182e-09
-1.093735556189031329e-09
-1.093538974683994480e-09
-1.093342688709583417e-09
-1.093146698015544779e-09
-1.092951002351370020e-09
-1.092755601466336560e-09
-1.092560495109481109e-09
-1.092365683029640822e-09
-1.092171164975411521e-09
-1.091976940695175825e-09
-1.091783009937088877e-09
-1.091589372449078553e-09
-1.091396027978902327e-09
-1.091202976274047395e-09
-1.091010217081816284e-09
-1.090817750149284459e-09
-1.090625575223342097e-09
-1.090433692050638046e-09
-1.090242100377665230e-09
-1.090050799950645877e-09
-1.089859790515660561e-09
-1.089669071818562383e-09
-1.089478643605005503e-09
-1.089288505620444942e-09
-1.089098657610165319e-09
-1.088909099319238254e-09
-1.088719830492550494e-09
-1.088530850874803908e-09
-1.088342160210530177e-09
-1.088153758244047151e-09
-1.087965644719517380e-09
-1.087777819380917711e-09
-1.087590281972055005e-09
-1.087403032236551250e-09
-1.087216069917886363e-09
-1.087029394759326850e-09
-1.086843006504011624e-09
-1.086656904894908786e-09
-1.086471089674830719e-09
-1.086285560586404105e-09
-1.086100317372114383e-09
-1.085915359774318782e-09
-1.085730687535203716e-09
-1.085546300396799676e-09
-1.085362198101009354e-09
-1.085178380389592753e-09
-1.084994847004153952e-09
-1.084811597686154963e-09
-1.084628632176972390e-09
-1.084445950217798376e-09
-1.084263551549710709e-09
-1.084081435913688532e-09
-1.083899603050539970e-09
-1.083718052700987742e-09
-1.083536784605627180e-09
-1.083355798504925404e-09
-1.083175094139264128e-09
-1.082994671248883410e-09
-1.082814529573937488e-09
-1.082634668854481755e-09
-1.082455088830442972e-09
-1.082275789241677388e-09
-1.082096769827913449e-09
-1.081918030328822114e-09
-1.081739570483961225e-09
-1.081561390032803217e-09
-1.081383488714735117e-09
-1.081205866269058963e-09
-1.081028522435005445e-09
-1.080851456951734324e-09
-1.080674669558305893e-09
-1.080498159993723575e-09
-1.080321927996919863e-09
-1.080145973306770175e-09
-1.079970295662064935e-09
-1.079794894801565823e-09
-1.079619770463935465e-09
-1.079444922387807534e-09
-1.079270350311759249e-09
-1.079096053974311167e-09
-1.078922033113954688e-09
-1.078748287469096630e-09
-1.078574816778143399e-09
-1.078401620779445155e-09
-1.078228699211294357e-09
-1.078056051811998358e-09
-1.077883678319778895e-09
-1.077711578472857913e-09
-1.077539752009414551e-09
-1.077368198667627946e-09
-1.077196918185649112e-09
-1.077025910301571782e-09
-1.076855174753532700e-09
-1.076684711279611329e-09
-1.076514519617887753e-09
-1.076344599506427373e-09
-1.076174950683309857e-09
-1.076005572886586545e-09
-1.075836465854322837e-09
-1.075667629324570487e-09
-1.075499063035394481e-09
-1.075330766724874902e-09
-1.075162740131076944e-09
-1.074994982992094961e-09
-1.074827495046036951e-09
-1.074660276030996854e-09
-1.074493325685111209e-09
-1.074326643746545090e-09
-1.074160229953463368e-09
-1.073994084044073719e-09
-1.073828205756598293e-09
-1.073662594829286747e-09
-1.073497251000432575e-09
-1.073332174008356779e-09
-1.073167363591409101e-09
-1.073002819487982093e-09
-1.072838541436510698e-09
-1.072674529175486730e-09
-1.072510782443416061e-09
-1.072347300978862057e-09
-1.072184084520458183e-09
-1.072021132806867272e-09
-1.071858445576807991e-09
-1.071696022569042847e-09
-1.071533863522432782e-09
-1.071371968175867482e-09
-1.071210336268293915e-09
-1.071048967538729361e-09
-1.070887861726262649e-09
-1.070727018570039479e-09
-1.070566437809290542e-09
-1.070406119183317666e-09
-1.070246062431465281e-09
-1.070086267293191966e-09
-1.069926733508026405e-09
-1.069767460815555184e-09
-1.069608448955463529e-09
-1.069449697667508220e-09
-1.069291206691559566e-09
-1.069132975767544743e-09
-1.068975004635475922e-09
-1.068817293035479631e-09
-1.068659840707781041e-09
-1.068502647392662601e-09
-1.068345712830520709e-09
-1.068189036761864877e-09
-1.068032618927290437e-09
-1.067876459067505839e-09
-1.067720556923291085e-09
-1.067564912235567829e-09
-1.067409524745343754e-09
-1.067254394193739039e-09
-1.067099520321988840e-09
-1.066944902871426750e-09
-1.066790541583514985e-09
-1.066636436199829088e-09
-1.066482586462044069e-09
-1.066328992111962737e-09
-1.066175652891516323e-09
-1.066022568542749171e-09
-1.065869738807819574e-09
-1.065717163429042158e-09
-1.065564842148802482e-09
-1.065412774709670979e-09
-1.065260960854303075e-09
-1.065109400325510947e-09
-1.064958092866234571e-09
-1.064807038219527247e-09
-1.064656236128598819e-09
-1.064505686336786929e-09
-1.064355388587571911e-09
-1.064205342624546799e-09
-1.064055548191490124e-09
-1.063906005032279677e-09
-1.063756712890963651e-09
-1.063607671511732718e-09
-1.063458880638890463e-09
-1.063310340016911901e-09
-1.063162049390442034e-09
-1.063014008504239810e-09
-1.062866217103220305e-09
-1.062718674909703536e-09
-1.062571381632878443e-09
-1.062424336985543574e-09
-1.062277540685286648e-09
-1.062130992453432997e-09
-1.061984692013979333e-09
-1.061838639092968610e-09
-1.061692833417950486e-09
-1.061547274717725112e-09
-1.061401962722115448e-09
-1.061256897161840084e-09
-1.061112077768385026e-09
-1.060967504274017965e-09
-1.060823176411673715e-09
-1.060679093914927740e-09
-1.060535256518008356e-09
-1.060391663955755375e-09
-1.060248315963619272e-09
-1.060105212277633685e-09
-1.059962352634400320e-09
-1.059819736771103835e-09
-1.059677364425468215e-09
-1.059535235335801016e-09
-1.059393349240934849e-09
-1.059251705880228618e-09
-1.059110304993580965e-09
-1.058969146321444945e-09
-1.058828229604728153e-09
-1.058687554584906869e-09
-1.058547121003925971e-09
-1.058406928604242154e-09
-1.058266977128781126e-09
-1.058127266320994474e-09
-1.057987795924788115e-09
-1.057848565684537389e-09
-1.057709575345086237e-09
-1.057570824651747815e-09
-1.057432313350304292e-09
-1.057294041186963835e-09
-1.057156007908403622e-09
-1.057018213261741925e-09
-1.056880656994508125e-09
-1.056743338854687381e-09
-1.056606258590676371e-09
-1.056469415951312456e-09
-1.056332810685844932e-09
-1.056196442543921384e-09
-1.056060311275601330e-09
-1.055924416631370289e-09
-1.055788758362098210e-09
-1.055653336219037821e-09
-1.055518149953854820e-09
-1.055383199318598096e-09
-1.055248484065700143e-09
-1.055114003947963411e-09
-1.054979758718573543e-09
-1.054845748131100407e-09
-1.054711971939454460e-09
-1.054578429897958305e-09
-1.054445121761233362e-09
-1.054312047284312783e-09
-1.054179206222556865e-09
-1.054046598331680771e-09
-1.053914223367755140e-09
-1.053782081087220571e-09
-1.053650171246815240e-09
-1.053518493603633010e-09
-1.053387047915123226e-09
-1.053255833939019162e-09
-1.053124851433452173e-09
-1.052994100156851605e-09
-1.052863579867946039e-09
-1.052733290325818500e-09
-1.052603231289864895e-09
-1.052473402519808489e-09
-1.052343803775656268e-09
-1.052214434817756225e-09
-1.052085295406769233e-09
-1.051956385303640301e-09
-1.051827704269641177e-09
-1.051699252066327948e-09
-1.051571028455583648e-09
-1.051443033199575446e-09
-1.051315266060768709e-09
-1.051187726801913356e-09
-1.051060415186057710e-09
-1.050933330976562354e-09
-1.050806473937058155e-09
-1.050679843831460319e-09
-1.050553440423982463e-09
-1.050427263479093590e-09
-1.050301312761576003e-09
-1.050175588036495310e-09
-1.050050089069159694e-09
-1.049924815625175325e-09
-1.049799767470432307e-09
-1.049674944371076961e-09
-1.049550346093539538e-09
-1.049425972404520778e-09
-1.049301823070976604e-09
-1.049177897860147285e-09
-1.049054196539529515e-09
-1.048930718876889028e-09
-1.048807464640248190e-09
-1.048684433597884348e-09
-1.048561625518374286e-09
-1.048439040170492899e-09
-1.048316677323342025e-09
-1.048194536746223059e-09
-1.048072618208720912e-09
-1.047950921480662653e-09
-1.047829446332144596e-09
-1.047708192533505630e-09
-1.047587159855325555e-09
-1.047466348068454044e-09
-1.047345756943982923e-09
-1.047225386253245556e-09
-1.047105235767830287e-09
-1.046985305259568028e-09
-1.046865594500531024e-09
-1.046746103263046702e-09
-1.046626831319670793e-09
-1.046507778443214007e-09
-1.046388944406714939e-09
-1.046270328983482055e-09
-1.046151931947022757e-09
-1.046033753071114314e-09
-1.045915792129775946e-09
-1.045798048897225396e-09
-1.045680523147950687e-09
-1.045563214656681383e-09
-1.045446123198360041e-09
-1.045329248548171173e-09
-1.045212590481526144e-09
-1.045096148774092537e-09
-1.044979923201751143e-09
-1.044863913540623873e-09
-1.044748119567046260e-09
-1.044632541057609436e-09
-1.044517177789117530e-09
-1.044402029538616623e-09
-1.044287096083365793e-09
-1.044172377200865658e-09
-1.044057872668844308e-09
-1.043943582265242833e-09
-1.043829505768243860e-09
-1.043715642956257696e-09
-1.043601993607907648e-09
-1.043488557502044498e-09
-1.043375334417760358e-09
-1.043262324134346484e-09
-1.043149526431349728e-09
-1.043036941088502028e-09
-1.042924567885776856e-09
-1.042812406603388807e-09
-1.042700457021737765e-09
-1.042588718921493277e-09
-1.042477192083481430e-09
-1.042365876288812450e-09
-1.042254771318766962e-09
-1.042143876954895666e-09
-1.042033192978919866e-09
-1.041922719172802611e-09
-1.041812455318719742e-09
-1.041702401199103113e-09
-1.041592556596555182e-09
-1.041482921293919533e-09
-1.041373495074239512e-09
-1.041264277720784906e-09
-1.041155269017053805e-09
-1.041046468746756676e-09
-1.040937876693803337e-09
-1.040829492642345145e-09
-1.040721316376732389e-09
-1.040613347681528569e-09
-1.040505586341538513e-09
-1.040398032141752129e-09
-1.040290684867386594e-09
-1.040183544303872086e-09
-1.040076610236866462e-09
-1.039969882452211834e-09
-1.039863360735992678e-09
-1.039757044874505642e-09
-1.039650934654233077e-09
-1.039545029861898248e-09
-1.039439330284437835e-09
-1.039333835708973184e-09
-1.039228545922881656e-09
-1.039123460713710801e-09
-1.039018579869249916e-09
-1.038913903177473171e-09
-1.038809430426610541e-09
-1.038705161405047719e-09
-1.038601095901427030e-09
-1.038497233704575262e-09
-1.038393574603546261e-09
-1.038290118387607289e-09
-1.038186864846210274e-09
-1.038083813769048887e-09
-1.037980964946001469e-09
-1.037878318167187689e-09
-1.037775873222898238e-09
-1.037673629903665134e-09
-1.037571588000218921e-09
-1.037469747303504174e-09
-1.037368107604663786e-09
-1.037266668695067918e-09
-1.037165430366272223e-09
-1.037064392410059007e-09
-1.036963554618424190e-09
-1.036862916783547950e-09
-1.036762478697838145e-09
-1.036662240153916047e-09
-1.036562200944601449e-09
-1.036462360862927351e-09
-1.036362719702125898e-09
-1.036263277255628169e-09
-1.036164033317106784e-09
-1.036064987680418820e-09
-1.035966140139635182e-09
-1.035867490489025091e-09
-1.035769038523085245e-09
-1.035670784036483359e-09
-1.035572726824142334e-09
-1.035474866681141821e-09
-1.035377203402816864e-09
-1.035279736784673320e-09
-1.035182466622430251e-09
-1.035085392712033987e-09
-1.034988514849629796e-09
-1.034891832831533551e-09
-1.034795346454316723e-09
-1.034699055514735659e-09
-1.034602959809745851e-09
-1.034507059136515787e-09
-1.034411353292426749e-09
-1.034315842075045514e-09
-1.034220525282165714e-09
-1.034125402711779917e-09
-1.034030474162065566e-09
-1.033935739431456116e-09
-1.033841198318526678e-09
-1.033746850622108581e-09
-1.033652696141203347e-09
-1.033558734675054242e-09
-1.033464966023061073e-09
-1.033371389984864568e-09
-1.033278006360291153e-09
-1.033184814949379429e-09
-1.033091815552381821e-09
-1.032999007969749484e-09
-1.032906392002104181e-09
-1.032813967450337541e-09
-1.032721734115483469e-09
-1.032629691798803136e-09
-1.032537840301770922e-09
-1.032446179426059935e-09
-1.032354708973528571e-09
-1.032263428746262082e-09
-1.032172338546530387e-09
-1.032081438176817231e-09
-1.031990727439804883e-09
-1.031900206138388403e-09
-1.031809874075648349e-09
-1.031719731054877862e-09
-1.031629776879583495e-09
-1.031540011353456472e-09
-1.031450434280387158e-09
-1.031361045464492980e-09
-1.031271844710062179e-09
-1.031182831821595786e-09
-1.031094006603822721e-09
-1.031005368861627829e-09
-1.030916918400137697e-09
-1.030828655024663374e-09
-1.030740578540701403e-09
-1.030652688753988832e-09
-1.030564985470419872e-09
-1.030477468496130269e-09
-1.030390137637411283e-09
-1.030302992700811217e-09
-1.030216033493033471e-09
-1.030129259820995479e-09
-1.030042671491813199e-09
-1.029956268312815791e-09
-1.029870050091531564e-09
-1.029784016635659429e-09
-1.029698167753124946e-09
-1.029612503252067708e-09
-1.029527022940783437e-09
-1.029441726627794713e-09
-1.029356614121837730e-09
-1.029271685231805024e-09
-1.029186939766830665e-09
-1.029102377536233392e-09
-1.029017998349516404e-09
-1.028933802016410997e-09
-1.028849788346803977e-09
-1.028765957150838573e-09
-1.028682308238799673e-09
-1.028598841421214111e-09
-1.028515556508764854e-09
-1.028432453312376613e-09
-1.028349531643158352e-09
-1.028266791312390261e-09
-1.028184232131579178e-09
-1.028101853912431707e-09
-1.028019656466824435e-09
-1.027937639606861426e-09
-1.027855803144817140e-09
-1.027774146893193514e-09
-1.027692670664663505e-09
-1.027611374272097972e-09
-1.027530257528582013e-09
-1.027449320247399044e-09
-1.027368562242003294e-09
-1.027287983326061783e-09
-1.027207583313440881e-09
-1.027127362018191628e-09
-1.027047319254563794e-09
-1.026967454837020352e-09
-1.026887768580195298e-09
-1.026808260298935212e-09
-1.026728929808257280e-09
-1.026649776923420638e-09
-1.026570801459826077e-09
-1.026492003233116132e-09
-1.026413382059089880e-09
-1.026334937753759401e-09
-1.026256670133335501e-09
-1.026178579014214070e-09
-1.026100664212989933e-09
-1.026022925546442379e-09
-1.025945362831564108e-09
-1.025867975885518012e-09
-1.025790764525694871e-09
-1.025713728569627329e-09
-1.025636867835089564e-09
-1.025560182140026155e-09
-1.025483671302581029e-09
-1.025407335141082371e-09
-1.025331173474071983e-09
-1.025255186120247591e-09
-1.025179372898549078e-09
-1.025103733628057569e-09
-1.025028268128082284e-09
-1.024952976218102633e-09
-1.024877857717811442e-09
-1.024802912447071934e-09
-1.024728140206804069e-09
-1.024653540795114361e-09
-1.024579114014613939e-09
-1.024504859671338878e-09
-1.024430777573655830e-09
-1.024356867531551482e-09
-1.024283129356220413e-09
-1.024209562859780954e-09
-1.024136167855146977e-09
-1.024062944155858117e-09
-1.023989891576050613e-09
-1.023917009930357839e-09
-1.023844299033925194e-09
-1.023771758702338343e-09
