-6.974852543189285742e-09
-6.950020005329918378e-09
-6.925497255637033704e-09
-6.901280120355089294e-09
-6.877364690792788020e-09
-6.853747161346568146e-09
-6.830423790840768918e-09
-6.807390892580535542e-09
-6.784644831125781711e-09
-6.762182020674359214e-09
-6.739998923863908331e-09
-6.718092050712982272e-09
-6.696457957633413380e-09
-6.675093246495513838e-09
-6.653994563739275067e-09
-6.633158599527426591e-09
-6.612582086937316151e-09
-6.592261801188740738e-09
-6.572194558904975693e-09
-6.552377217404803229e-09
-6.532806674023049735e-09
-6.513479865457639999e-09
-6.494393767141289848e-09
-6.475545392635880068e-09
-6.456931793048021039e-09
-6.438550056464166138e-09
-6.420397307403966944e-09
-6.402470706290479775e-09
-6.384767448936173852e-09
-6.367284766043518522e-09
-6.350019922719269424e-09
-6.332970218001463448e-09
-6.316132984398364807e-09
-6.299505587438524282e-09
-6.283085425231356061e-09
-6.266869928037457944e-09
-6.250856557848230713e-09
-6.235042807974196128e-09
-6.219426202641542893e-09
-6.204004296596444814e-09
-6.188774674716775595e-09
-6.173734951630805878e-09
-6.158882771342604575e-09
-6.144215806863776403e-09
-6.129731759851303190e-09
-6.115428360251158069e-09
-6.101303365947543674e-09
-6.087354562417495435e-09
-6.073579762390600976e-09
-6.059976805513748778e-09
-6.046543558020672833e-09
-6.033277912406112964e-09
-6.020177787104571794e-09
-6.007241126173348230e-09
-5.994465898979911167e-09
-5.981850219518534690e-09
-5.969392285760875412e-09
-5.957090176703815258e-09
-5.944941962675883778e-09
-5.932945730166153778e-09
-5.921099587272152922e-09
-5.909401664751044027e-09
-5.897850116072788789e-09
-5.886443117246145377e-09
-5.875178866592534626e-09
-5.864055584507767350e-09
-5.853071513220868258e-09
-5.842224916552581396e-09
-5.831514079673865675e-09
-5.820937308865083562e-09
-5.810492931276016138e-09
-5.800179294686799627e-09
-5.789994767270101868e-09
-5.779937737354572654e-09
-5.770006613189821035e-09
-5.760199822712891482e-09
-5.750515813316453961e-09
-5.740953051618774108e-09
-5.731510023235500709e-09
-5.722185232553386316e-09
-5.712977202505953376e-09
-5.703884474351241557e-09
-5.694905607451559331e-09
-5.686039179055342379e-09
-5.677283784081211482e-09
-5.668638034904063607e-09
-5.660100561143465878e-09
-5.651670009454164637e-09
-5.643345043318803082e-09
-5.635124342842843342e-09
-5.627006604551723595e-09
-5.618990541190214650e-09
-5.611074881523947894e-09
-5.603258370143251058e-09
-5.595539767269059385e-09
-5.587917848561062674e-09
-5.580391404928122092e-09
-5.572959242340701188e-09
-5.565620181645627060e-09
-5.558373058382812779e-09
-5.551216722604309146e-09
-5.544150038695292054e-09
-5.537171885197267521e-09
-5.530281154633343022e-09
-5.523476753335515487e-09
-5.516757601274037169e-09
-5.510122631888847825e-09
-5.503570791922925112e-09
-5.497101041257778219e-09
-5.490712352750719933e-09
-5.484403712074282759e-09
-5.478174117557415128e-09
-5.472022580028734813e-09
-5.465948122661530167e-09
-5.459949780820735844e-09
-5.454026601911777956e-09
-5.448177645231140580e-09
-5.442401981818903449e-09
-5.436698694312895114e-09
-5.431066876804834663e-09
-5.425505634698012806e-09
-5.420014084566873012e-09
-5.414591354018213904e-09
-5.409236581554154386e-09
-5.403948916436704325e-09
-5.398727518554082234e-09
-5.393571558288556632e-09
-5.388480216386071619e-09
-5.383452683827257990e-09
-5.378488161700246771e-09
-5.373585861074914603e-09
-5.368745002878668513e-09
-5.363964817773875943e-09
-5.359244546036662939e-09
-5.354583437437269921e-09
-5.349980751121932773e-09
-5.345435755496098171e-09
-5.340947728109184924e-09
-5.336515955540747370e-09
-5.332139733287973856e-09
-5.327818365654679094e-09
-5.323551165641561288e-09
-5.319337454837906816e-09
-5.315176563314608483e-09
-5.311067829518421232e-09
-5.307010600167686099e-09
-5.303004230149155981e-09
-5.299048082416291293e-09
-5.295141527888645856e-09
-5.291283945352617633e-09
-5.287474721363366610e-09
-5.283713250147940372e-09
-5.279998933509631341e-09
-5.276331180733549972e-09
-5.272709408493241857e-09
-5.269133040758660567e-09
-5.265601508705032207e-09
-5.262114250623127821e-09
-5.258670711830376220e-09
-5.255270344583308569e-09
-5.251912607990931070e-09
-5.248596967929273895e-09
-5.245322896956892205e-09
-5.242089874231552521e-09
-5.238897385427876136e-09
-5.235744922655939586e-09
-5.232631984381043914e-09
-5.229558075344329325e-09
-5.226522706484502390e-09
-5.223525394860416905e-09
-5.220565663574717676e-09
-5.217643041698337955e-09
-5.214757064196035811e-09
-5.211907271852794911e-09
-5.209093211201121960e-09
-5.206314434449339241e-09
-5.203570499410630718e-09
-5.200860969433093988e-09
-5.198185413330634300e-09
-5.195543405314623729e-09
-5.192934524926585209e-09
-5.190358356971529224e-09
-5.187814491452243407e-09
-5.185302523504361345e-09
-5.182822053332245325e-09
-5.180372686145630918e-09
-5.177954032097133486e-09
-5.175565706220453648e-09
-5.173207328369414905e-09
-5.170878523157710970e-09
-5.168578919899431484e-09
-5.166308152550342945e-09
-5.164065859649852894e-09
-5.161851684263737575e-09
-5.159665273927586777e-09
-5.157506280590893866e-09
-5.155374360561921717e-09
-5.153269174453214668e-09
-5.151190387127769751e-09
-5.149137667645916796e-09
-5.147110689212880154e-09
-5.145109129126879721e-09
-5.143132668728043447e-09
-5.141180993347802897e-09
-5.139253792259054799e-09
-5.137350758626808965e-09
-5.135471589459583984e-09
-5.133615985561291783e-09
-5.131783651483800471e-09
-5.129974295480082002e-09
-5.128187629457883445e-09
-5.126423368934055858e-09
-5.124681232989374514e-09
-5.122960944224019210e-09
-5.121262228713504565e-09
-5.119584815965225745e-09
-5.117928438875551774e-09
-5.116292833687368007e-09
-5.114677739948305994e-09
-5.113082900469322408e-09
-5.111508061283913251e-09
-5.109952971607768121e-09
-5.108417383798979513e-09
-5.106901053318750917e-09
-5.105403738692487892e-09
-5.103925201471554199e-09
-5.102465206195347228e-09
-5.101023520353919353e-09
-5.099599914351045979e-09
-5.098194161467816356e-09
-5.096806037826553617e-09
-5.095435322355285716e-09
-5.094081796752647326e-09
-5.092745245453201949e-09
-5.091425455593139561e-09
-5.090122216976581408e-09
-5.088835322042072580e-09
-5.087564565829637881e-09
-5.086309745948256266e-09
-5.085070662543671106e-09
-5.083847118266646302e-09
-5.082638918241570649e-09
-5.081445870035551882e-09
-5.080267783627803556e-09
-5.079104471379438055e-09
-5.077955748003645912e-09
-5.076821430536284571e-09
-5.075701338306743431e-09
-5.074595292909265497e-09
-5.073503118174585008e-09
-5.072424640141889326e-09
-5.071359687031204336e-09
-5.070308089216084253e-09
-5.069269679196594246e-09
-5.068244291572767869e-09
-5.067231763018199319e-09
-5.066231932254183289e-09
-5.065244640023991304e-09
-5.064269729067589776e-09
-5.063307044096617784e-09
-5.062356431769685816e-09
-5.061417740668005364e-09
-5.060490821271315492e-09
-5.059575525934050938e-09
-5.058671708861937030e-09
-5.057779226088726068e-09
-5.056897935453377885e-09
-5.056027696577331408e-09
-5.055168370842309752e-09
-5.054319821368167487e-09
-5.053481912991159785e-09
-5.052654512242440681e-09
-5.051837487326807018e-09
-5.051030708101734375e-09
-5.050234046056715756e-09
-5.049447374292740064e-09
-5.048670567502142806e-09
-5.047903501948681796e-09
-5.047146055447811381e-09
-5.046398107347272642e-09
-5.045659538507849043e-09
-5.044930231284481894e-09
-5.044210069507442895e-09
-5.043498938463940946e-09
-5.042796724879820778e-09
-5.042103316901532070e-09
-5.041418604078345062e-09
-5.040742477344764701e-09
-5.040074829003145781e-09
-5.039415552706586026e-09
-5.038764543441985424e-09
-5.038121697513318159e-09
-5.037486912525111333e-09
-5.036860087366221468e-09
-5.036241122193615980e-09
-5.035629918416588917e-09
-5.035026378680995721e-09
-5.034430406853786613e-09
-5.033841908007702086e-09
-5.033260788406110694e-09
-5.032686955488145439e-09
-5.032120317853937771e-09
-5.031560785250050936e-09
-5.031008268555140801e-09
-5.030462679765747376e-09
-5.029923931982239354e-09
-5.029391939395068857e-09
-5.028866617271021210e-09
-5.028347881939765811e-09
-5.027835650780488892e-09
-5.027329842208786020e-09
-5.026830375663649711e-09
-5.026337171594619184e-09
-5.025850151449120361e-09
-5.025369237659987021e-09
-5.024894353633029927e-09
-5.024425423734925251e-09
-5.023962373281122845e-09
-5.023505128523908371e-09
-5.023053616640737575e-09
-5.022607765722597024e-09
-5.022167504762535253e-09
-5.021732763644365954e-09
-5.021303473131510140e-09
-5.020879564855931774e-09
-5.020460971307286818e-09
-5.020047625822130176e-09
-5.019639462573337711e-09
-5.019236416559550594e-09
-5.018838423594914124e-09
-5.018445420298747076e-09
-5.018057344085534462e-09
-5.017674133154897975e-09
-5.017295726481762458e-09
-5.016922063806646463e-09
-5.016553085626057025e-09
-5.016188733182972130e-09
-5.015828948457524996e-09
-5.015473674157761168e-09
-5.015122853710451840e-09
-5.014776431252130534e-09
-5.014434351620195939e-09
-5.014096560344071839e-09
-5.013763003636568856e-09
-5.013433628385299981e-09
-5.013108382144210233e-09
-5.012787213125236208e-09
-5.012470070190033436e-09
-5.012156902841837758e-09
-5.011847661217416028e-09
-5.011542296079085473e-09
-5.011240758806948955e-09
-5.010943001391069834e-09
-5.010648976423823036e-09
-5.010358637092409064e-09
-5.010071937171290259e-09
-5.009788831014929813e-09
-5.009509273550434817e-09
-5.009233220270388749e-09
-5.008960627225803888e-09
-5.008691451019075395e-09
-5.008425648797029685e-09
-5.008163178244202756e-09
-5.007903997575951431e-09
-5.007648065531952546e-09
-5.007395341369459770e-09
-5.007145784856959134e-09
-5.006899356267638437e-09
-5.006656016373142035e-09
-5.006415726437253661e-09
-5.006178448209766187e-09
-5.005944143920359668e-09
-5.005712776272588556e-09
-5.005484308437914428e-09
-5.005258704049907444e-09
-5.005035927198335317e-09
-5.004815942423547584e-09
-5.004598714710752341e-09
-5.004384209484456766e-09
-5.004172392602967190e-09
-5.003963230352937155e-09
-5.003756689443989082e-09
-5.003552737003388883e-09
-5.003351340570844649e-09
-5.003152468093332638e-09
-5.002956087919912503e-09
-5.002762168796806396e-09
-5.002570679862273759e-09
-5.002381590641831872e-09
-5.002194871043286978e-09
-5.002010491351981308e-09
-5.001828422226083108e-09
-5.001648634691860963e-09
-5.001471100139070605e-09
-5.001295790316419486e-09
-5.001122677327061121e-09
-5.000951733624134107e-09
-5.000782932006359038e-09
-5.000616245613713180e-09
-5.000451647923185377e-09
-5.000289112744454033e-09
-5.000128614215824831e-09
-4.999970126800036097e-09
-4.999813625685561338e-09
-4.999659087782916034e-09
-4.999506488891327461e-09
-4.999355804799350611e-09
-4.999207011525939227e-09
-4.999060085371269439e-09
-4.998915002925500425e-09
-4.998771741068154034e-09
-4.998630276965514125e-09
-4.998490588067483283e-09
-4.998352652104387419e-09
-4.998216447083748941e-09
-4.998081951287105413e-09
-4.997949143266780245e-09
-4.997818001842674059e-09
-4.997688506099166071e-09
-4.997560635381873196e-09
-4.997434369294609331e-09
-4.997309687696244554e-09
-4.997186570697607330e-09
-4.997064998658473572e-09
-4.996944952184492015e-09
-4.996826412124235314e-09
-4.996709359566196551e-09
-4.996593775835875908e-09
-4.996479642492829282e-09
-4.996366941327821133e-09
-4.996255654359955820e-09
-4.996145763833851953e-09
-4.996037252216865547e-09
-4.995930102196339645e-09
-4.995824296676829958e-09
-4.995719818777445476e-09
-4.995616651829180811e-09
-4.995514779372243578e-09
-4.995414185153492616e-09
-4.995314853123801763e-09
-4.995216767435579139e-09
-4.995119912440216955e-09
-4.995024272685597555e-09
-4.994929832913669783e-09
-4.994836578057970748e-09
-4.994744493241284902e-09
-4.994653563773212955e-09
-4.994563775147895480e-09
-4.994475113041658748e-09
-4.994387563310766460e-09
-4.994301111989087917e-09
-4.994215745285984580e-09
-4.994131449584017122e-09
-4.994048211436805511e-09
-4.993966017566876689e-09
-4.993884854863580073e-09
-4.993804710380942681e-09
-4.993725571335602001e-09
-4.993647425104810839e-09
-4.993570259224412373e-09
-4.993494061386783788e-09
-4.993418819438957745e-09
-4.993344521380620607e-09
-4.993271155362208267e-09
-4.993198709683042511e-09
-4.993127172789414440e-09
-4.993056533272777909e-09
-4.992986779867876787e-09
-4.992917901451008708e-09
-4.992849887038218508e-09
-4.992782725783485044e-09
-4.992716406977094957e-09
-4.992650920043857617e-09
-4.992586254541407748e-09
-4.992522400158605660e-09
-4.992459346713786937e-09
-4.992397084153253658e-09
-4.992335602549530699e-09
-4.992274892099928096e-09
-4.992214943124835395e-09
-4.992155746066260029e-09
-4.992097291486274694e-09
-4.992039570065515193e-09
-4.991982572601670832e-09
-4.991926290008024441e-09
-4.991870713312010605e-09
-4.991815833653759821e-09
-4.991761642284700565e-09
-4.991708130566152257e-09
-4.991655289967937254e-09
-4.991603112067039987e-09
-4.991551588546215644e-09
-4.991500711192727895e-09
-4.991450471896968325e-09
-4.991400862651190021e-09
-4.991351875548246948e-09
-4.991303502780297761e-09
-4.991255736637555100e-09
-4.991208569507080398e-09
-4.991161993871543100e-09
-4.991116002308046901e-09
-4.991070587486902208e-09
-4.991025742170506962e-09
-4.990981459212122415e-09
-4.990937731554794481e-09
-4.990894552230187418e-09
-4.990851914357491944e-09
-4.990809811142298620e-09
-4.990768235875549812e-09
-4.990727181932413895e-09
-4.990686642771294297e-09
-4.990646611932717761e-09
-4.990607083038355794e-09
-4.990568049789956780e-09
-4.990529505968382307e-09
-4.990491445432596358e-09
-4.990453862118656150e-09
-4.990416750038775763e-09
-4.990380103280401356e-09
-4.990343916005173050e-09
-4.990308182448089481e-09
-4.990272896916508562e-09
-4.990238053789269847e-09
-4.990203647515840879e-09
-4.990169672615337809e-09
-4.990136123675739572e-09
-4.990102995352955659e-09
-4.990070282369998933e-09
-4.990037979516160102e-09
-4.990006081646143319e-09
-4.989974583679270432e-09
-4.989943480598640566e-09
-4.989912767450349271e-09
-4.989882439342693594e-09
-4.989852491445404461e-09
-4.989822918988849271e-09
-4.989793717263268414e-09
-4.989764881618043207e-09
-4.989736407460938205e-09
-4.989708290257411329e-09
-4.989680525529791648e-09
-4.989653108856657339e-09
-4.989626035872106118e-09
-4.989599302265019868e-09
-4.989572903778437645e-09
-4.989546836208802110e-09
-4.989521095405365618e-09
-4.989495677269473876e-09
-4.989470577753905855e-09
-4.989445792862269947e-09
-4.989421318648353802e-09
-4.989397151215470853e-09
-4.989373286715846553e-09
-4.989349721350009565e-09
-4.989326451366210255e-09
-4.989303473059749023e-09
-4.989280782772453526e-09
-4.989258376892095512e-09
-4.989236251851749756e-09
-4.989214404129271284e-09
-4.989192830246765148e-09
-4.989171526769937091e-09
-4.989150490307636942e-09
-4.989129717511275453e-09
-4.989109205074285808e-09
-4.989088949731595050e-09
-4.989068948259131084e-09
-4.989049197473278391e-09
-4.989029694230396610e-09
-4.989010435426266327e-09
-4.988991417995663076e-09
-4.988972638911818016e-09
-4.988954095185945617e-09
-4.988935783866793663e-09
-4.988917702040126277e-09
-4.988899846828289639e-09
-4.988882215389750429e-09
-4.988864804918634253e-09
-4.988847612644278143e-09
-4.988830635830794630e-09
-4.988813871776614316e-09
-4.988797317814089652e-09
-4.988780971309054877e-09
-4.988764829660382652e-09
-4.988748890299589496e-09
-4.988733150690436251e-09
-4.988717608328513673e-09
-4.988702260740808156e-09
-4.988687105485382442e-09
-4.988672140150924810e-09
-4.988657362356349544e-09
-4.988642769750498324e-09
-4.988628360011688582e-09
-4.988614130847366917e-09
-4.988600079993759195e-09
-4.988586205215497493e-09
-4.988572504305252826e-09
-4.988558975083392701e-09
-4.988545615397640312e-09
-4.988532423122720513e-09
-4.988519396160014877e-09
-4.988506532437241583e-09
-4.988493829908122886e-09
-4.988481286552058381e-09
-4.988468900373803231e-09
-4.988456669403106688e-09
-4.988444591694488756e-09
-4.988432665326840660e-09
-4.988420888403169249e-09
-4.988409259050300037e-09
-4.988397775418504973e-09
-4.988386435681320462e-09
-4.988375238035161067e-09
-4.988364180699079635e-09
-4.988353261914468676e-09
-4.988342479944790705e-09
-4.988331833075264746e-09
-4.988321319612652085e-09
-4.988310937884946905e-09
-4.988300686241103323e-09
-4.988290563050810389e-09
-4.988280566704176935e-09
-4.988270695611533051e-09
-4.988260948203133951e-09
-4.988251322928931677e-09
-4.988241818258331075e-09
-4.988232432679907729e-09
-4.988223164701210268e-09
-4.988214012848530401e-09
-4.988204975666605142e-09
-4.988196051718446405e-09
-4.988187239585073825e-09
-4.988178537865337742e-09
-4.988169945175627210e-09
-4.988161460149697935e-09
-4.988153081438440673e-09
-4.988144807709673602e-09
-4.988136637647912370e-09
-4.988128569954170740e-09
-4.988120603345762897e-09
-4.988112736556075973e-09
-4.988104968334397166e-09
-4.988097297445691227e-09
-4.988089722670409383e-09
-4.988082242804295776e-09
-4.988074856658215410e-09
-4.988067563057910959e-09
-4.988060360843888617e-09
-4.988053248871153399e-09
-4.988046226009118153e-09
-4.988039291141319836e-09
-4.988032443165337621e-09
-4.988025680992563773e-09
-4.988019003548032418e-09
-4.988012409770249145e-09
-4.988005898611049559e-09
-4.987999469035415649e-09
-4.987993120021286356e-09
-4.987986850559422752e-09
-4.987980659653245907e-09
-4.987974546318668144e-09
-4.987968509583950768e-09
-4.987962548489520427e-09
-4.987956662087853310e-09
-4.987950849443279932e-09
-4.987945109631909031e-09
-4.987939441741375281e-09
-4.987933844870795449e-09
-4.987928318130556640e-09
-4.987922860642214548e-09
-4.987917471538338781e-09
-4.987912149962340801e-09
-4.987906895068420159e-09
-4.987901706021346948e-09
-4.987896581996366677e-09
-4.987891522179083637e-09
-4.987886525765290501e-09
-4.987881591960856660e-09
-4.987876719981628127e-09
-4.987871909053268723e-09
-4.987867158411148406e-09
-4.987862467300232429e-09
-4.987857834974917560e-09
-4.987853260699012225e-09
-4.987848743745473471e-09
-4.987844283396441701e-09
-4.987839878943006586e-09
-4.987835529685170670e-09
-4.987831234931704610e-09
-4.987826994000016482e-09
-4.987822806216129449e-09
-4.987818670914450150e-09
-4.987814587437767872e-09
-4.987810555137102349e-09
-4.987806573371585475e-09
-4.987802641508423255e-09
-4.987798758922707205e-09
-4.987794924997387885e-09
-4.987791139123160748e-09
-4.987787400698308972e-09
-4.987783709128705949e-09
-4.987780063827656456e-09
-4.987776464215812292e-09
-4.987772909721073012e-09
-4.987769399778542913e-09
-4.987765933830374699e-09
-4.987762511325726466e-09
-4.987759131720650861e-09
-4.987755794478033869e-09
-4.987752499067468256e-09
-4.987749244965200630e-09
-4.987746031654069399e-09
-4.987742858623335203e-09
-4.987739725368726407e-09
-4.987736631392238096e-09
-4.987733576202146137e-09
-4.987730559312836781e-09
-4.987727580244822378e-09
-4.987724638524625572e-09
-4.987721733684665152e-09
-4.987718865263261013e-09
-4.987716032804485261e-09
-4.987713235858152294e-09
-4.987710473979674867e-09
-4.987707746730080635e-09
-4.987705053675881464e-09
-4.987702394388989879e-09
-4.987699768446745538e-09
-4.987697175431720018e-09
-4.987694614931754862e-09
-4.987692086539837503e-09
-4.987689589854056598e-09
-4.987687124477531718e-09
-4.987684690018383564e-09
-4.987682286089608243e-09
-4.987679912309047485e-09
-4.987677568299375408e-09
-4.987675253687939702e-09
-4.987672968106778998e-09
-4.987670711192564138e-09
-4.987668482586471616e-09
-4.987666281934195988e-09
-4.987664108885880388e-09
-4.987661963096044559e-09
-4.987659844223529439e-09
-4.987657751931436773e-09
-4.987655685887120012e-09
-4.987653645762080093e-09
-4.987651631231926559e-09
-4.987649641976346951e-09
-4.987647677679035676e-09
-4.987645738027651816e-09
-4.987643822713749646e-09
-4.987641931432762092e-09
-4.987640063883958544e-09
-4.987638219770318295e-09
-4.987636398798600029e-09
-4.987634600679186306e-09
-4.987632825126127406e-09
-4.987631071857037930e-09
-4.987629340593045515e-09
-4.987627631058813994e-09
-4.987625942982433385e-09
-4.987624276095402515e-09
-4.987622630132562848e-09
-4.987621004832106756e-09
-4.987619399935496459e-09
-4.987617815187420179e-09
-4.987616250335761536e-09
-4.987614705131591279e-09
-4.987613179329073811e-09
-4.987611672685446512e-09
-4.987610184961013946e-09
-4.987608715919037851e-09
-4.987607265325791725e-09
-4.987605832950435930e-09
-4.987604418565069800e-09
-4.987603021944579439e-09
-4.987601642866735331e-09
-4.987600281112051719e-09
-4.987598936463811418e-09
-4.987597608707986406e-09
-4.987596297633246101e-09
-4.987595003030918475e-09
-4.987593724694918097e-09
-4.987592462421744474e-09
-4.987591216010457236e-09
-4.987589985262616584e-09
-4.987588769982295688e-09
-4.987587569975985572e-09
-4.987586385052637292e-09
-4.987585215023542826e-09
-4.987584059702399594e-09
-4.987582918905232701e-09
-4.987581792450356889e-09
-4.987580680158345103e-09
-4.987579581852073984e-09
-4.987578497356579944e-09
-4.987577426499115412e-09
-4.987576369109092584e-09
-4.987575325018071017e-09
-4.987574294059669122e-09
-4.987573276069667558e-09
-4.987572270885834701e-09
-4.987571278347999433e-09
-4.987570298297981660e-09
-4.987569330579617953e-09
-4.987568375038648228e-09
-4.987567431522776954e-09
-4.987566499881594570e-09
-4.987565579966598996e-09
-4.987564671631133591e-09
-4.987563774730375573e-09
-4.987562889121307068e-09
-4.987562014662714284e-09
-4.987561151215161040e-09
-4.987560298640915146e-09
-4.987559456804007134e-09
-4.987558625570159122e-09
-4.987557804806769093e-09
-4.987556994382899321e-09
-4.987556194169258166e-09
-4.987555404038147140e-09
-4.987554623863474139e-09
-4.987553853520750963e-09
-4.987553092887026312e-09
-4.987552341840881653e-09
-4.987551600262435355e-09
-4.987550868033295537e-09
-4.987550145036536084e-09
-4.987549431156736350e-09
-4.987548726279882722e-09
-4.987548030293410807e-09
-4.987547343086135124e-09
-4.987546664548304522e-09
-4.987545994571505401e-09
-4.987545333048686528e-09
-4.987544679874162345e-09
-4.987544034943539349e-09
-4.987543398153746700e-09
-4.987542769402992380e-09
-4.987542148590762363e-09
-4.987541535617808211e-09
-4.987540930386117293e-09
-4.987540332798900378e-09
-4.987539742760575092e-09
-4.987539160176779980e-09
-4.987538584954307503e-09
-4.987538017001113966e-09
-4.987537456226320343e-09
-4.987536902540199044e-09
-4.987536355854132557e-09
-4.987535816080580357e-09
-4.987535283133140947e-09
-4.987534756926479067e-09
-4.987534237376323210e-09
-4.987533724399454871e-09
-4.987533217913707718e-09
-4.987532717837936160e-09
-4.987532224092007076e-09
-4.987531736596793194e-09
-4.987531255274163171e-09
-4.987530780046938573e-09
-4.987530310838948474e-09
-4.987529847574933501e-09
-4.987529390180597117e-09
-4.987528938582556822e-09
-4.987528492708392126e-09
-4.987528052486524609e-09
-4.987527617846311393e-09
-4.987527188717990545e-09
-4.987526765032654614e-09
-4.987526346722276264e-09
-4.987525933719680985e-09
-4.987525525958517313e-09
-4.987525123373274196e-09
-4.987524725899248740e-09
-4.987524333472578465e-09
-4.987523946030151146e-09
-4.987523563509697453e-09
-4.987523185849681766e-09
-4.987522812989368349e-09
-4.987522444868773372e-09
-4.987522081428636788e-09
-4.987521722610495127e-09
-4.987521368356553280e-09
-4.987521018609782932e-09
-4.987520673313852258e-09
-4.987520332413140805e-09
-4.987519995852722127e-09
-4.987519663578339793e-09
-4.987519335536447094e-09
-4.987519011674137556e-09
-4.987518691939186305e-09
-4.987518376280007877e-09
-4.987518064645684342e-09
-4.987517756985909056e-09
-4.987517453251001552e-09
-4.987517153391934008e-09
-4.987516857360262590e-09
-4.987516565108165508e-09
-4.987516276588394202e-09
-4.987515991754335393e-09
-4.987515710559918429e-09
-4.987515432959668227e-09
-4.987515158908677981e-09
-4.987514888362596746e-09
-4.987514621277611248e-09
-4.987514357610493028e-09
-4.987514097318523997e-09
-4.987513840359540278e-09
-4.987513586691889191e-09
-4.987513336274460687e-09
-4.987513089066609592e-09
-4.987512845028277203e-09
-4.987512604119828335e-09
-4.987512366302169604e-09
-4.987512131536689874e-09
-4.987511899785247020e-09
-4.987511671010167926e-09
-4.987511445174291506e-09
-4.987511222240882667e-09
-4.987511002173690220e-09
-4.987510784936887317e-09
-4.987510570495117777e-09
-4.987510358813466308e-09
-4.987510149857441958e-09
-4.987509943592997148e-09
-4.987509739986506984e-09
-4.987509539004761820e-09
-4.987509340614977179e-09
-4.987509144784752397e-09
-4.987508951482140931e-09
-4.987508760675538692e-09
-4.987508572333780823e-09
-4.987508386426057327e-09
-4.987508202921986688e-09
-4.987508021791526533e-09
-4.987507843005019128e-09
-4.987507666533190552e-09
-4.987507492347134151e-09
-4.987507320418274144e-09
-4.987507150718443375e-09
-4.987506983219774132e-09
-4.987506817894768447e-09
-4.987506654716298934e-09
-4.987506493657520272e-09
-4.987506334691971781e-09
-4.987506177793506281e-09
-4.987506022936301677e-09
-4.987505870094850198e-09
-4.987505719243998110e-09
-4.987505570358848931e-09
-4.987505423414873446e-09
-4.987505278387814585e-09
-4.987505135253727123e-09
-4.987504993988963620e-09
-4.987504854570190140e-09
-4.987504716974342403e-09
-4.987504581178640685e-09
-4.987504447160603043e-09
-4.987504314898046974e-09
-4.987504184369015796e-09
-4.987504055551881218e-09
-4.987503928425254831e-09
-4.987503802968021195e-09
-4.987503679159332050e-09
-4.987503556978580672e-09
-4.987503436405461433e-09
-4.987503317419878806e-09
-4.987503200002010234e-09
-4.987503084132271391e-09
-4.987502969791336027e-09
-4.987502856960105370e-09
-4.987502745619721357e-09
-4.987502635751568286e-09
-4.987502527337255453e-09
-4.987502420358637823e-09
-4.987502314797765576e-09
-4.987502210636946974e-09
-4.987502107858702864e-09
-4.987502006445751787e-09
-4.987501906381041416e-09
-4.987501807647746069e-09
-4.987501710229224528e-09
-4.987501614109077936e-09
-4.987501519271077837e-09
-4.987501425699221595e-09
-4.987501333377679455e-09
-4.987501242290846654e-09
-4.987501152423320262e-09
-4.987501063759850378e-09
-4.987500976285403820e-09
-4.987500889985142624e-09
-4.987500804844401703e-09
-4.987500720848700435e-09
-4.987500637983728594e-09
-4.987500556235389369e-09
-4.987500475589712506e-09
-4.987500396032941991e-09
-4.987500317551478976e-09
-4.987500240131908245e-09
-4.987500163760941142e-09
-4.987500088425505731e-09
-4.987500014112654982e-09
-4.987499940809641214e-09
-4.987499868503831724e-09
-4.987499797182792335e-09
-4.987499726834229486e-09
-4.987499657445980316e-09
-4.987499589006049050e-09
-4.987499521502627685e-09
-4.987499454923991764e-09
-4.987499389258602117e-09
-4.987499324495047786e-09
-4.987499260622087388e-09
-4.987499197628593690e-09
-4.987499135503583386e-09
-4.987499074236197250e-09
-4.987499013815749763e-09
-4.987498954231653840e-09
-4.987498895473464671e-09
-4.987498837530864833e-09
-4.987498780393693238e-09
-4.987498724051860766e-09
-4.987498668495461928e-09
-4.987498613714692153e-09
-4.987498559699844475e-09
-4.987498506441369095e-09
-4.987498453929817129e-09
-4.987498402155864597e-09
-4.987498351110304151e-09
-4.987498300784040113e-09
-4.987498251168076894e-09
-4.987498202253576070e-09
-4.987498154031754636e-09
-4.987498106493958630e-09
-4.987498059631676362e-09
-4.987498013436436675e-09
-4.987497967899941295e-09
-4.987497923013961428e-09
-4.987497878770355135e-09
-4.987497835161121926e-09
-4.987497792178331620e-09
-4.987497749814153299e-09
-4.987497708060885909e-09
-4.987497666910882995e-09
-4.987497626356627966e-09
-4.987497586390659653e-09
-4.987497547005659988e-09
-4.987497508194351437e-09
-4.987497469949587987e-09
-4.987497432264277391e-09
-4.987497395131455615e-09
-4.987497358544203294e-09
-4.987497322495727620e-09
-4.987497286979291207e-09
-4.987497251988259240e-09
-4.987497217516050670e-09
-4.987497183556215141e-09
-4.987497150102327943e-09
-4.987497117148095059e-09
-4.987497084687277064e-09
-4.987497052713692438e-09
-4.987497021221272984e-09
-4.987496990204007580e-09
-4.987496959655956243e-09
-4.987496929571264189e-09
-4.987496899944161832e-09
-4.987496870768921773e-09
-4.987496842039902642e-09
-4.987496813751519314e-09
-4.987496785898301645e-09
-4.987496758474791069e-09
-4.987496731475615875e-09
-4.987496704895505269e-09
-4.987496678729200863e-09
-4.987496652971557594e-09
-4.987496627617460178e-09
-4.987496602661863639e-09
-4.987496578099808202e-09
-4.987496553926363044e-09
-4.987496530136695777e-09
-4.987496506725989726e-09
-4.987496483689525827e-09
-4.987496461022629682e-09
-4.987496438720697204e-09
-4.987496416779151603e-09
-4.987496395193502941e-09
-4.987496373959302643e-09
-4.987496353072174094e-09
-4.987496332527768807e-09
-4.987496312321809431e-09
-4.987496292450074863e-09
-4.987496272908401902e-09
-4.987496253692640585e-09
-4.987496234798740207e-09
-4.987496216222680671e-09
-4.987496197960496473e-09
-4.987496180008250232e-09
-2.309463955292301307e+00
-9.152186787019900294e-01
-6.303036172866427478e-01
-4.895528564389906023e-01
-4.045728619658461866e-01
-3.477345567347356337e-01
-3.071485058526945977e-01
-2.767684357664279560e-01
-2.531829856152967295e-01
-2.343275016286838763e-01
-2.188874477980107258e-01
-2.059922698578020572e-01
-1.950461881079945670e-01
-1.856294827064175479e-01
-1.774385535782130319e-01
-1.702483713458491366e-01
-1.638883441486882475e-01
-1.582264543102951393e-01
-1.531586096518822160e-01
-1.486013518800177735e-01
-1.444867652779180389e-01
-1.407588528778092041e-01
-1.373709089165231489e-01
-1.342835789586160899e-01
-1.314634038081408107e-01
-1.288817091051441821e-01
-1.265137461516019357e-01
-1.243380182316400351e-01
-1.223357460830243326e-01
-1.204904391940431196e-01
-1.187875484390588099e-01
-1.172141823190031573e-01
-1.157588732695558065e-01
-1.144113837426630198e-01
-1.131625441516348474e-01
-1.120041166046803482e-01
-1.109286796776132178e-01
-1.099295302822156373e-01
-1.090005997752996336e-01
-1.081363818798308785e-01
-1.073318704641224031e-01
-1.065825055704294755e-01
-1.058841263969156898e-01
-1.052329301998611299e-01
-1.046254362250920167e-01
-1.040584539126143682e-01
-1.035290547960698859e-01
-1.030345476181082631e-01
-1.025724562182972477e-01
-1.021404998198249814e-01
-1.017365754265142641e-01
-1.013587420416683926e-01
-1.010052065225863771e-01
-1.006743108462160308e-01
-1.003645206438363857e-01
-1.000744148228704944e-01
-9.980267620761651415e-02
-9.954808304399875851e-02
-9.930950131433746719e-02
-9.908587773566068790e-02
-9.887623340461004773e-02
-9.867965799656985837e-02
-9.849530447638699115e-02
-9.832238427094353028e-02
-9.816016285384421280e-02
-9.800795569390174933e-02
-9.786512456031459806e-02
-9.773107411774617503e-02
-9.760524880846332962e-02
-9.748712997463826468e-02
-9.737623322081390143e-02
-9.727210597958446670e-02
-9.717432527196478986e-02
-9.708249563828985629e-02
-9.699624723538136095e-02
-9.691523406019086906e-02
-9.683913233260454945e-02
-9.676763897346063459e-02
-9.670047021330674397e-02
-9.663736029352776313e-02
-9.657806026268644928e-02
-9.652233686381350708e-02
-9.646997149843627994e-02
-9.642075925881954390e-02
-9.637450804262925885e-02
-9.633103771022888395e-02
-9.629017931871430847e-02
-9.625177439147591940e-02
-9.621567425739385726e-02
-9.618173941419172479e-02
-9.614983894721262914e-02
-9.611984998940670266e-02
-9.609165720405599131e-02
-9.606515231865841997e-02
-9.604023367302261249e-02
-9.601680581425853234e-02
-9.599477909887355054e-02
-9.597406933892216330e-02
-9.595459745952439334e-02
-9.593628918054264432e-02
-9.591907472525917910e-02
-9.590288853900119648e-02
-9.588766902481893339e-02
-9.587335831184873314e-02
-9.585990201657068610e-02
-9.584724903248798000e-02
-9.583535132975384840e-02
-9.582416377043045941e-02
-9.581364392943214625e-02
-9.580375192541623619e-02
-9.579445027725341788e-02
-9.578570374770833951e-02
-9.577747921127865993e-02
-9.576974553056061268e-02
-9.576247342835131349e-02
-9.575563538106734995e-02
-9.574920551074228570e-02
-9.574315948697176282e-02
-9.573747443312186078e-02
-9.573212883822179720e-02
-9.572710247454097043e-02
-9.572237632369251514e-02
-9.571793249847360130e-02
-9.571375418175875893e-02
-9.570982555828777549e-02
-9.570613175355902058e-02
-9.570265878124928349e-02
-9.569939348494926890e-02
-9.569632349553103268e-02
-9.569343717856781950e-02
-9.569072359028041319e-02
-9.568817244058891447e-02
-9.568577405190126228e-02
-9.568351931790175513e-02
-9.568139967939259805e-02
-9.567940708308242392e-02
-9.567753395458566956e-02
-9.567577317142195170e-02
-9.567411803175218665e-02
-9.567256223590447917e-02
-9.567109985368915659e-02
-9.566972531303008509e-02
-9.566843336585861834e-02
-9.566721908385034112e-02
-9.566607782574010344e-02
-9.566500522737442225e-02
-9.566399718607954128e-02
-9.566304983934514894e-02
-9.566215955629786549e-02
-9.566132292206930288e-02
-9.566053672358520998e-02
-9.565979793961787436e-02
-9.565910372799635297e-02
-9.565845141423778841e-02
-9.565783848586306704e-02
-9.565726257534379329e-02
-9.565672146010228971e-02
-9.565621304687965676e-02
-9.565573536747251637e-02
-9.565528657304867011e-02
-9.565486492135732988e-02
-9.565446877388694702e-02
-9.565409659444412682e-02
-9.565374693067951739e-02
-9.565341842403540795e-02
-9.565310979127161772e-02
-9.565281982872875233e-02
-9.565254740238060549e-02
-9.565229144925524452e-02
-9.565205096606632651e-02
-9.565182500921309838e-02
-9.565161269478039685e-02
-9.565141318859105013e-02
-9.565122570904804888e-02
-9.565104951718694792e-02
-9.565088392236020809e-02
-9.565072827228959795e-02
-9.565058195448727929e-02
-9.565044439483472161e-02
-9.565031505189836025e-02
-9.565019341692959642e-02
-9.565007901244371169e-02
-9.564997138653552611e-02
-9.564987011998482558e-02
-9.564977481346659260e-02
-9.564968509607751912e-02
-9.564960061538840819e-02
-9.564952104170743041e-02
-9.564944606808012395e-02
-9.564937540034179619e-02
-9.564930876706512208e-02
-9.564924591103363127e-02
-9.564918659208387908e-02
-9.564913058142110458e-02
-9.564907766872465800e-02
-9.564902765362148784e-02
-9.564898034710722641e-02
-9.564893557580944616e-02
-9.564889317204006147e-02
-9.564885298090075594e-02
-9.564881485744081147e-02
-9.564877866381493732e-02
-9.564874427354652653e-02
-9.564871156584331402e-02
-9.564868042843954754e-02
-9.564865075333273126e-02
-9.564862244246796763e-02
-9.564859540347470102e-02
-9.564856954824563218e-02
-9.564854479577888924e-02
-9.564852106933585674e-02
-9.564849829644117563e-02
-9.564847641172491421e-02
-9.564845535123822629e-02
-9.564843505529552203e-02
-9.564841546989555354e-02
-9.564839654245815836e-02
-9.564837822608751594e-02
-9.564836047672997665e-02
-9.564834324891080541e-02
-9.564832650568177996e-02
-9.564831021151576351e-02
-9.564829432946453380e-02
-9.564827882826421046e-02
-9.564826367949308406e-02
-9.564824885330835968e-02
-9.564823432555158433e-02
-9.564822007206430499e-02
-9.564820607010915410e-02
-9.564819229694876412e-02
-9.564817873695119488e-02
-9.564816536880016429e-02
-9.564815217686373217e-02
-9.564813914693104380e-02
-9.564812626337015899e-02
-9.564811351197022304e-02
-9.564810088278363764e-02
-9.564808836302063355e-02
-9.564807594273361246e-02
-9.564806361197497608e-02
-9.564805136221821158e-02
-9.564803918635789159e-02
-9.564802707444641783e-02
-9.564801502079944839e-02
-9.564800302115372688e-02
-9.564799106698274045e-02
-9.564797915402323270e-02
-9.564796727801194720e-02
-9.564795543468562755e-02
-9.564794362120210280e-02
-9.564793183187703107e-02
-9.564792006528932689e-02
-9.564790831717573383e-02
-9.564789658753625190e-02
-9.564788487352871016e-02
-9.564787317088985219e-02
-9.564786148246184894e-02
-9.564784980256035851e-02
-9.564783813260646639e-02
-9.564782647117908709e-02
-9.564781481685713516e-02
-9.564780317106169605e-02
-9.564779153095059883e-02
-9.564777989794492896e-02
-9.564776827062360098e-02
-9.564775665040770036e-02
-9.564774503587614163e-02
-9.564773342845001025e-02
-9.564772182955039170e-02
-9.564771023633511504e-02
-9.564769865306743668e-02
-9.564768707690518568e-02
-9.564767551069053297e-02
-9.564766395442347857e-02
-9.564765240952510794e-02
-9.564764087457433561e-02
-9.564762935383441800e-02
-9.564761784588426963e-02
-9.564760635072389050e-02
-9.564759487261653703e-02
-9.564758341014112375e-02
-9.564757196471873613e-02
-9.564756053634937416e-02
-9.564754912787520880e-02
-9.564753774071732551e-02
-9.564752637345463882e-02
-9.564751502892931967e-02
-9.564750370714136807e-02
-9.564749240951186948e-02
-9.564748113746190938e-02
-9.564746989241257324e-02
-9.564745867436386106e-02
-9.564744748473685831e-02
-9.564743632495265047e-02
-9.564742519643232299e-02
-9.564741409775479042e-02
-9.564740303176222369e-02
-9.564739199987570828e-02
-9.564738100209524418e-02
-9.564737003984191688e-02
-9.564735911453681183e-02
-9.564734822475884357e-02
-9.564733737477126851e-02
-9.564732656315300119e-02
-9.564731579132512707e-02
-9.564730505928764615e-02
-9.564729436988272937e-02
-9.564728372311037674e-02
-9.564727311897058826e-02
-9.564726255746336392e-02
-9.564725204285196014e-02
-9.564724157229420598e-02
-9.564723114721118691e-02
-9.564722077044507387e-02
-9.564721044057478139e-02
-9.564720015760030947e-02
-9.564718992436382905e-02
-9.564717974086534014e-02
-9.564716960710484273e-02
-9.564715952308233682e-02
-9.564714949021890789e-02
-9.564713950851455593e-02
-9.564712957939036642e-02
-9.564711970426742482e-02
-9.564710988030356020e-02
-9.564710011034094350e-02
-9.564709039437957472e-02
-9.564708073241945385e-02
-9.564707112446058090e-02
-9.564706157334512682e-02
-9.564705207623092065e-02
-9.564704263596013334e-02
-9.564703325111167942e-02
-9.564702392310664436e-02
-9.564701465194502816e-02
-9.564700543762683083e-02
-9.564699628015205235e-02
-9.564698717952069273e-02
-9.564697813857492292e-02
-9.564696915447257197e-02
-9.564696022863472535e-02
-9.564695136106138307e-02
-9.564694255175254511e-02
-9.564693380070821149e-02
-9.564692510934946768e-02
-9.564691647625522819e-02
-9.564690790142549304e-02
-9.564689938770243316e-02
-9.564689093082279214e-02
-9.564688253504982640e-02
-9.564687419754136499e-02
-9.564686591971849339e-02
-9.564685770158121159e-02
-9.564684954170843412e-02
-9.564684144294233192e-02
-9.564683340244073406e-02
-9.564682542162472600e-02
-9.564681749907322228e-02
-9.564680963762839383e-02
-9.564680183444806971e-02
-9.564679409095333540e-02
-9.564678640572310542e-02
-9.564677878017846524e-02
-9.564677121289832940e-02
-9.564676370530378335e-02
-9.564675625597374164e-02
-9.564674886632928974e-02
-9.564674153494934217e-02
-9.564673426183389893e-02
-9.564672704556187455e-02
-9.564671988897543997e-02
-9.564671279065350973e-02
-9.564670574917499835e-02
-9.564669876596099130e-02
-9.564669183959040311e-02
-9.564668497148431925e-02
-9.564667816022165425e-02
-9.564667140580240812e-02
-9.564666470822658084e-02
-9.564665806749417243e-02
-9.564665148218409740e-02
-9.564664495371744124e-02
-9.564663848067311847e-02
-9.564663206447221455e-02
-9.564662570227255856e-02
-9.564661939549523595e-02
-9.564661314556133220e-02
-9.564660694820759090e-02
-9.564660080627618299e-02
-9.564659471834602300e-02
-9.564658868441711093e-02
-9.564658270448944677e-02
-9.564657677856303053e-02
-9.564657090521677674e-02
-9.564656508445068539e-02
-9.564655931626475649e-02
-9.564655360065899004e-02
-9.564654793763338603e-02
-9.564654232576685899e-02
-9.564653676648049441e-02
-9.564653125693212132e-02
-9.564652579996391069e-02
-9.564652039273369155e-02
-9.564651503666254939e-02
-9.564650973032939874e-02
-9.564650447373423958e-02
-9.564649926545598646e-02
-9.564649410833681031e-02
-9.564648899953454020e-02
-9.564648393904917612e-02
-9.564647892545963259e-02
-9.564647396160808057e-02
-9.564646904465234911e-02
-9.564646417601352368e-02
-9.564645935427051882e-02
-9.564645457800224904e-02
-9.564644985005088529e-02
-9.564644516615317116e-02
-9.564644052915127759e-02
-9.564643593762411911e-02
-9.564643139157169571e-02
-9.564642688957292194e-02
-9.564642243304888325e-02
-9.564641801915740871e-02
-9.564641365074066925e-02
-9.564640932495649395e-02
-9.564640504322596826e-02
-9.564640080412800671e-02
-9.564639660766260931e-02
-9.564639245382977606e-02
-9.564638834120842148e-02
-9.564638427121963105e-02
-9.564638024244231929e-02
-9.564637625487648620e-02
-9.564637230710104632e-02
-9.564636840053708511e-02
-9.564636453376351710e-02
-9.564636070678034230e-02
-9.564635691958756070e-02
-9.564635317076408683e-02
-9.564634946173100616e-02
-9.564634579106723322e-02
-9.564634215877276802e-02
-9.564633856484761054e-02
-9.564633500787067533e-02
-9.564633148784196237e-02
-9.564632800476147168e-02
-9.564632456005028871e-02
-9.564632114944515706e-02
-9.564631777720933314e-02
-9.564631443907956054e-02
-9.564631113789801020e-02
-9.564630787082251118e-02
-9.564630463927414894e-02
-9.564630144183183802e-02
-9.564629827849557842e-02
-9.564629514926537013e-02
-9.564629205414121316e-02
-9.564628899312310750e-02
-9.564628596336888222e-02
-9.564628296772070826e-02
-9.564628000475750014e-02
-9.564627707447925786e-02
-9.564627417546489596e-02
-9.564627130771441443e-02
-9.564626847264889875e-02
-9.564626566742617797e-02
-9.564626289346733756e-02
-9.564626015077237753e-02
-9.564625743792021240e-02
-9.564625475491084217e-02
-9.564625210174426684e-02
-9.564624947842048641e-02
-9.564624688351841542e-02
-9.564624431845913932e-02
-9.564624178182157266e-02
-9.564623927360571543e-02
-9.564623679239048215e-02
-9.564623434101804378e-02
-9.564623191522514389e-02
-9.564622951785395344e-02
-9.564622714890447241e-02
-9.564622480553452988e-02
-9.564622248774412583e-02
-9.564622019837543121e-02
-9.564621793316518961e-02
-9.564621569495557196e-02
-9.564621348232549281e-02
-9.564621129527495214e-02
-9.564620913238286448e-02
-9.564620699507031532e-02
-9.564620488191621916e-02
-9.564620279292057603e-02
-9.564620072950447138e-02
-9.564619868882573428e-02
-9.564619667230545019e-02
-9.564619467852253365e-02
-9.564619270889807012e-02
-9.564619076058988867e-02
-9.564618883644016023e-02
-9.564618693502779934e-02
-9.564618505635280599e-02
-9.564618319757300924e-02
-9.564618136295166551e-02
-9.564617954822551837e-02
-9.564617775623673879e-02
-9.564617598556424127e-02
-9.564617423478694036e-02
-9.564617250532592152e-02
-9.564617079718118475e-02
-9.564616910893164459e-02
-9.564616744057730102e-02
-9.564616579211815406e-02
-9.564616416355420370e-02
-9.564616255346436446e-02
-9.564616096469080730e-02
-9.564615939439136127e-02
-9.564615784256602637e-02
-9.564615630921480260e-02
-9.564615479575877544e-02
-9.564615329935577392e-02
-9.564615182142688354e-02
-9.564615036197210429e-02
-9.564614892099143617e-02
-9.564614749706379371e-02
-9.564614609018917690e-02
-9.564614470036758576e-02
-9.564614332759902027e-02
-9.564614197330456591e-02
-9.564614063322096627e-02
-9.564613931161147775e-02
-9.564613800563392942e-02
-9.564613671670940676e-02
-9.564613544341682427e-02
-9.564613418433509651e-02
-9.564613294372747987e-02
-9.564613171590963248e-02
-9.564613050514481074e-02
-9.564612931001192919e-02
-9.564612812908990236e-02
-9.564612696237873024e-02
-9.564612581129949831e-02
-9.564612467443112109e-02
-9.564612355177359859e-02
-9.564612244474801628e-02
-9.564612135051220321e-02
-9.564612027048724485e-02
-9.564611920325205574e-02
-9.564611815164880682e-02
-9.564611711141424166e-02
-9.564611608681161670e-02
-9.564611507357767550e-02
-9.564611407455458902e-02
-9.564611308690018632e-02
-9.564611211345663833e-02
-9.564611115280285958e-02
-9.564611020351776460e-02
-9.564610926702243887e-02
-9.564610834331688238e-02
-9.564610743098000967e-02
-9.564610653143290619e-02
-9.564610564325448649e-02
-9.564610476644475057e-02
-9.564610390100369841e-02
-9.564610304835241550e-02
-9.564610220564873089e-02
-9.564610137431373005e-02
-9.564610055434741298e-02
-9.564609974574977969e-02
-9.564609894709974469e-02
-9.564609815981839347e-02
-9.564609738248464055e-02
-9.564609661651957140e-02
-9.564609585908101508e-02
-9.564609511443222800e-02
-9.564609437830995375e-02
-9.564609365213527781e-02
-9.564609293590820016e-02
-9.564609222962872082e-02
-9.564609153329683977e-02
-9.564609084691255703e-02
-9.564609016905478711e-02
-9.564608950114461550e-02
-9.564608884176095671e-02
-9.564608819232489623e-02
-9.564608755141534857e-02
-9.564608691903231374e-02
-9.564608629517579175e-02
-9.564608568126686805e-02
-9.564608507588445718e-02
-9.564608447902855914e-02
-9.564608388927808846e-02
-9.564608330947521608e-02
-9.564608273677777106e-02
-9.564608217260683887e-02
-9.564608161696241950e-02
-9.564608106842342750e-02
-9.564608052841094832e-02
-9.564607999550389650e-02
-9.564607947112335751e-02
-9.564607895384824587e-02
-9.564607844509964707e-02
-9.564607794203539015e-02
-9.564607744749764606e-02
-9.564607696006532933e-02
-9.564607647973843996e-02
-9.564607600651697794e-02
-9.564607553897985781e-02
-9.564607507996925051e-02
-9.564607462806407057e-02
-9.564607418184323251e-02
-9.564607374272782181e-02
-9.564607330929675300e-02
-9.564607288439219701e-02
-9.564607246375089744e-02
-9.564607205163611070e-02
-9.564607164378458037e-02
-9.564607124303847741e-02
-9.564607084939780179e-02
-9.564607046002038260e-02
-9.564607007774839076e-02
-9.564606970116074081e-02
-9.564606933025743274e-02
-9.564606896645955203e-02
-9.564606860692492774e-02
-9.564606825307464533e-02
-9.564606790632979028e-02
-9.564606756384819164e-02
-9.564606722705093489e-02
-9.564606689593802002e-02
-9.564606656908836158e-02
-9.564606624792304501e-02
-9.564606593244207033e-02
-9.564606562264543754e-02
-9.564606531711206117e-02
-9.564606501726302668e-02
-9.564606472167724860e-02
-9.564606443177581241e-02
-9.564606414613763263e-02
-9.564606386476270927e-02
-9.564606358907212780e-02
-9.564606331764480274e-02
-9.564606305190181956e-02
-9.564606278900100733e-02
-9.564606253178453699e-02
-9.564606227883132306e-02
-9.564606203014136554e-02
-9.564606178571466444e-02
-9.564606154555121975e-02
-9.564606130965103148e-02
-9.564606107801409962e-02
-9.564606085064042418e-02
-9.564606062753000515e-02
-9.564606040868284254e-02
-9.564606019267785086e-02
-9.564605998093611561e-02
-9.564605977345763677e-02
-9.564605957024241434e-02
-9.564605937129044833e-02
-9.564605917518065326e-02
-9.564605898333411460e-02
-9.564605879432974689e-02
-9.564605860958863559e-02
-9.564605842768969524e-02
-9.564605825005401130e-02
-9.564605807668158377e-02
-9.564605790615132719e-02
-9.564605773846324155e-02
-9.564605757361732685e-02
-9.564605741303466857e-02
-9.564605725671526670e-02
-9.564605710181695031e-02
-9.564605695118189033e-02
-9.564605680338900129e-02
-9.564605665985936866e-02
-9.564605651775082151e-02
-9.564605637990553078e-02
-9.564605624348132551e-02
-9.564605611132037666e-02
-9.564605598200159875e-02
-9.564605585552499178e-02
-9.564605573189055576e-02
-9.564605561109829068e-02
-9.564605549314819655e-02
-9.564605537804027335e-02
-9.564605526577452110e-02
-9.564605515635093980e-02
-9.564605504976952943e-02
-9.564605494460920454e-02
-9.564605484371213606e-02
-9.564605474423615306e-02
-9.564605464760234099e-02
-9.564605455381069987e-02
-9.564605446286122969e-02
-9.564605437333284499e-02
-9.564605428664663123e-02
-9.564605420138150293e-02
-9.564605412037963106e-02
-9.564605404079884465e-02
-9.564605396263914372e-02
-9.564605388874269920e-02
-9.564605381484625468e-02
-9.564605374521306658e-02
-9.564605367700096394e-02
-9.564605361020994678e-02
-9.564605354626110056e-02
-9.564605348373333982e-02
-9.564605342404775001e-02
-9.564605336720433115e-02
-9.564605331178199776e-02
-9.564605325778074985e-02
-9.564605320520058740e-02
-9.564605315546259590e-02
-9.564605310856677534e-02
-9.564605306167095478e-02
-9.564605301761730516e-02
-9.564605297640582648e-02
-9.564605293519434781e-02
-9.564605289682504008e-02
-9.564605286129790329e-02
-9.564605282577076650e-02
-9.564605279308580066e-02
-9.564605276182192029e-02
-9.564605273197912538e-02
-9.564605270355741595e-02
-9.564605267655679199e-02
-9.564605265239833898e-02
-9.564605262966097143e-02
-9.564605260834468936e-02
-9.564605258844949276e-02
-9.564605256997538163e-02
-9.564605255292235597e-02
-9.564605253729041578e-02
-9.564605252450064654e-02
-9.564605251171087730e-02
-9.564605250176327900e-02
-9.564605249181568070e-02
-9.564605248471025334e-02
-9.564605247760482598e-02
-9.564605247192048409e-02
-9.564605246907831315e-02
-9.564605246623614221e-02
-9.564605246623614221e-02
-9.564605246623614221e-02
-9.564605246765722768e-02
-9.564605247049939862e-02
-9.564605247476265504e-02
-9.564605248044699692e-02
-9.564605248755242428e-02
-9.564605249465785164e-02
-9.564605250460544994e-02
-9.564605251455304824e-02
-9.564605252592173201e-02
-9.564605253871150126e-02
-9.564605255292235597e-02
-9.564605256855429616e-02
-9.564605258418623634e-02
-9.564605260123926200e-02
-9.564605261971337313e-02
-9.564605263960856973e-02
-9.564605266092485181e-02
-9.564605268224113388e-02
-9.564605270497850142e-02
-9.564605272913695444e-02
-9.564605275329540746e-02
-9.564605277887494594e-02
-9.564605280587556990e-02
-9.564605283287619386e-02
-9.564605286271898876e-02
-9.564605289114069819e-02
-9.564605292240457857e-02
-9.564605295366845894e-02
-9.564605298635342479e-02
-9.564605301903839063e-02
-9.564605305314444195e-02
-9.564605308867157873e-02
-9.564605312419871552e-02
-9.564605316114693778e-02
-9.564605319951624551e-02
-9.564605323788555324e-02
-9.564605327767594645e-02
-9.564605331746633965e-02
-9.564605335867781832e-02
-9.564605339988929700e-02
-9.564605344252186114e-02
-9.564605348657551076e-02
-9.564605353062916038e-02
-9.564605357468280999e-02
-9.564605362015754508e-02
-9.564605366705336564e-02
-9.564605371394918620e-02
-9.564605376226609224e-02
-9.564605381058299827e-02
-9.564605386032098977e-02
-9.564605391005898127e-02
-9.564605395979697278e-02
-9.564605401095604975e-02
-9.564605406353621220e-02
-9.564605411611637464e-02
-9.564605416869653709e-02
-9.564605422269778501e-02
-9.564605427812011840e-02
-9.564605433354245179e-02
-9.564605438896478518e-02
-9.564605444438711856e-02
-9.564605450265162290e-02
-9.564605455949504176e-02
-9.564605461775954609e-02
-9.564605467602405042e-02
-9.564605473570964023e-02
-9.564605479539523003e-02
-9.564605485650190531e-02
-9.564605491618749511e-02
-9.564605497871525586e-02
-9.564605503982193113e-02
-9.564605510234969188e-02
-9.564605516629853810e-02
-9.564605523024738432e-02
-9.564605529419623053e-02
-9.564605535814507675e-02
-9.564605542351500844e-02
-9.564605548888494013e-02
-9.564605555425487182e-02
-9.564605562104588898e-02
-9.564605568783690615e-02
-9.564605575604900878e-02
-9.564605582426111141e-02
-9.564605589247321404e-02
-9.564605596068531668e-02
-9.564605603031850478e-02
-9.564605609995169289e-02
-9.564605616958488099e-02
-9.564605624063915457e-02
-9.564605631169342814e-02
-9.564605638274770172e-02
-9.564605645522306077e-02
-9.564605652627733434e-02
-9.564605659875269339e-02
-9.564605667264913791e-02
-9.564605674512449696e-02
-9.564605681902094148e-02
-9.564605689291738599e-02
-9.564605696823491598e-02
-9.564605704213136050e-02
-9.564605711744889049e-02
-9.564605719276642048e-02
-9.564605726950503595e-02
-9.564605734482256594e-02
-9.564605742156118140e-02
-9.564605749829979686e-02
-9.564605757645949780e-02
-9.564605765319811326e-02
-9.564605773135781419e-02
-9.564605780951751512e-02
-9.564605788767721606e-02
-9.564605796725800246e-02
-9.564605804541770340e-02
-9.564605812499848980e-02
-9.564605820457927621e-02
-9.564605828558114808e-02
-9.564605836516193449e-02
-9.564605844616380637e-02
-9.564605852716567824e-02
-9.564605860816755012e-02
-9.564605868916942200e-02
-9.564605877159237934e-02
-9.564605885259425122e-02
-9.564605893501720857e-02
-9.564605901744016592e-02
-9.564605910128420874e-02
-9.564605918370716608e-02
-9.564605926755120890e-02
-9.564605934997416625e-02
-9.564605943381820907e-02
-9.564605951766225189e-02
-9.564605960292738018e-02
-9.564605968677142300e-02
-9.564605977203655129e-02
-9.564605985730167959e-02
-9.564605994114572241e-02
-9.564606002783193617e-02
-9.564606011309706446e-02
-9.564606019836219275e-02
-9.564606028504840651e-02
-9.564606037031353480e-02
-9.564606045699974857e-02
-9.564606054368596233e-02
-9.564606063037217609e-02
-9.564606071847947533e-02
-9.564606080516568909e-02
-9.564606089185190285e-02
-9.564606097995920209e-02
-9.564606106806650132e-02
-9.564606115617380055e-02
-9.564606124428109979e-02
-9.564606133238839902e-02
-9.564606142049569826e-02
-9.564606151002408296e-02
-9.564606159813138220e-02
-9.564606168765976690e-02
-9.564606177718815161e-02
-9.564606186671653631e-02
-9.564606195624492102e-02
-9.564606204577330573e-02
-9.564606213530169043e-02
-9.564606222625116061e-02
-9.564606231577954532e-02
-9.564606240672901549e-02
-9.564606249625740020e-02
-9.564606258720687038e-02
-9.564606267815634055e-02
-9.564606276910581073e-02
-9.564606286005528091e-02
-9.564606295100475108e-02
-9.564606304337530673e-02
-9.564606313432477691e-02
-9.564606322669533256e-02
-9.564606331764480274e-02
-9.564606341001535839e-02
-9.564606350238591403e-02
-9.564606359333538421e-02
-9.564606368570593986e-02
-9.564606377807649551e-02
-9.564606387186813663e-02
-9.564606396423869228e-02
-9.564606405660924793e-02
-9.564606414897980358e-02
-9.564606424277144470e-02
-9.564606433514200035e-02
-9.564606442893364147e-02
-9.564606452272528259e-02
-9.564606461651692371e-02
-9.564606470888747936e-02
-9.564606480267912048e-02
-9.564606489647076160e-02
-9.564606499026240272e-02
-9.564606508547512931e-02
-9.564606517926677043e-02
-9.564606527305841155e-02
-9.564606536685005267e-02
-9.564606546206277926e-02
-9.564606555585442038e-02
-9.564606565106714697e-02
-9.564606574627987357e-02
-9.564606584007151469e-02
-9.564606593528424128e-02
-9.564606603049696787e-02
-9.564606612570969446e-02
-9.564606622092242105e-02
-9.564606631613514764e-02
-9.564606641134787424e-02
-9.564606650656060083e-02
-9.564606660177332742e-02
-9.564606669698605401e-02
-9.564606679361986608e-02
-9.564606688883259267e-02
-9.564606698404531926e-02
-9.564606708067913132e-02
-9.564606717589185791e-02
-9.564606727252566998e-02
-9.564606736773839657e-02
-9.564606746437220863e-02
-9.564606756100602070e-02
-9.564606765763983276e-02
-9.564606775285255935e-02
-9.564606784948637141e-02
-9.564606794612018348e-02
-9.564606804275399554e-02
-9.564606813938780761e-02
-9.564606823602161967e-02
-9.564606833265543173e-02
-9.564606842928924380e-02
-9.564606852592305586e-02
-9.564606862397795339e-02
-9.564606872061176546e-02
-9.564606881724557752e-02
-9.564606891530047506e-02
-9.564606901193428712e-02
-9.564606910856809918e-02
-9.564606920662299672e-02
-9.564606930325680878e-02
-9.564606940131170632e-02
-9.564606949794551838e-02
-9.564606959600041591e-02
-9.564606969405531345e-02
-9.564606979068912551e-02
-9.564606988874402305e-02
-9.564606998679892058e-02
-9.564607008343273264e-02
-9.564607018148763018e-02
-9.564607027954252771e-02
-9.564607037759742525e-02
-9.564607047565232278e-02
-9.564607057370722032e-02
-9.564607067176211785e-02
-9.564607076981701539e-02
-9.564607086787191292e-02
-9.564607096592681046e-02
-9.564607106398170799e-02
-9.564607116203660553e-02
-9.564607126009150306e-02
-9.564607135814640060e-02
-9.564607145762238360e-02
-9.564607155567728114e-02
-9.564607165373217867e-02
-9.564607175178707621e-02
-9.564607185126305922e-02
-9.564607194931795675e-02
-9.564607204737285429e-02
-9.564607214684883729e-02
-9.564607224490373483e-02
-9.564607234295863236e-02
-9.564607244243461537e-02
-9.564607254048951290e-02
-9.564607263996549591e-02
-9.564607273802039344e-02
-9.564607283749637645e-02
-9.564607293555127399e-02
-9.564607303502725699e-02
-9.564607313450324000e-02
-9.564607323255813753e-02
-9.564607333203412054e-02
-9.564607343008901807e-02
-9.564607352956500108e-02
-9.564607362904098409e-02
-9.564607372851696709e-02
-9.564607382657186463e-02
-9.564607392604784764e-02
-9.564607402552383064e-02
-9.564607412499981365e-02
-9.564607422305471118e-02
-9.564607432253069419e-02
-9.564607442200667720e-02
-9.564607452148266020e-02
-9.564607462095864321e-02
-9.564607472043462622e-02
-9.564607481991060922e-02
-9.564607491796550676e-02
-9.564607501744148976e-02
-9.564607511691747277e-02
-9.564607521639345578e-02
-9.564607531586943878e-02
-9.564607541534542179e-02
-9.564607551482140479e-02
-9.564607561429738780e-02
-9.564607571377337081e-02
-9.564607581324935381e-02
-9.564607591272533682e-02
-9.564607601220131983e-02
-9.564607611167730283e-02
-9.564607621257437131e-02
-9.564607631205035432e-02
-9.564607641152633732e-02
-9.564607651100232033e-02
-9.564607661047830334e-02
-9.564607670995428634e-02
-9.564607680943026935e-02
-9.564607690890625236e-02
-9.564607700980332083e-02
-9.564607710927930384e-02
-9.564607720875528685e-02
-9.564607730823126985e-02
-9.564607740770725286e-02
-9.564607750860432134e-02
-9.564607760808030434e-02
-9.564607770755628735e-02
-9.564607780703227036e-02
-9.564607790792933883e-02
-9.564607800740532184e-02
-9.564607810688130485e-02
-9.564607820635728785e-02
-9.564607830725435633e-02
-9.564607840673033934e-02
-9.564607850620632234e-02
-9.564607860710339082e-02
-9.564607870657937383e-02
-9.564607880605535684e-02
-9.564607890695242531e-02
-9.564607900642840832e-02
-9.564607910590439133e-02
-9.564607920680145980e-02
-9.564607930627744281e-02
-9.564607940575342582e-02
-9.564607950665049430e-02
-9.564607960612647730e-02
-9.564607970702354578e-02
-9.564607980649952879e-02
-9.564607990597551179e-02
-9.564608000687258027e-02
-9.564608010634856328e-02
-9.564608020724563175e-02
-9.564608030672161476e-02
-9.564608040619759777e-02
-9.564608050709466625e-02
-9.564608060657064925e-02
-9.564608070746771773e-02
-9.564608080694370074e-02
-9.564608090641968374e-02
-9.564608100731675222e-02
-9.564608110679273523e-02
-9.564608120768980370e-02
-9.564608130716578671e-02
-9.564608140806285519e-02
-9.564608150753883820e-02
-9.564608160843590667e-02
-9.564608170791188968e-02
-9.564608180880895816e-02
-9.564608190828494116e-02
-9.564608200918200964e-02
-9.564608210865799265e-02
-9.564608220955506113e-02
-9.564608230903104413e-02
-9.564608240850702714e-02
-9.564608250940409562e-02
-9.564608260888007862e-02
-9.564608270977714710e-02
-9.564608280925313011e-02
-9.564608291015019859e-02
-9.564608300962618159e-02
-9.564608311052325007e-02
-9.564608320999923308e-02
-9.564608331089630155e-02
-9.564608341037228456e-02
-9.564608351126935304e-02
-9.564608361074533605e-02
-9.564608371164240452e-02
-9.564608381111838753e-02
-9.564608391201545601e-02
-9.564608401149143901e-02
-9.564608411238850749e-02
-9.564608421328557597e-02
-9.564608431276155898e-02
-9.564608441365862745e-02
-9.564608451313461046e-02
-9.564608461403167894e-02
-9.564608471350766195e-02
-9.564608481440473042e-02
-9.564608491388071343e-02
-9.564608501477778191e-02
-9.564608511425376491e-02
-9.564608521515083339e-02
-9.564608531462681640e-02
-9.564608541552388488e-02
-9.564608551499986788e-02
-9.564608561589693636e-02
-9.564608571537291937e-02
-9.564608581626998784e-02
-9.564608591574597085e-02
-9.564608601664303933e-02
-9.564608611611902234e-02
-9.564608621701609081e-02
-9.564608631649207382e-02
-9.564608641738914230e-02
-9.564608651686512530e-02
-9.564608661776219378e-02
-9.564608671723817679e-02
-9.564608681813524527e-02
-9.564608691761122827e-02
-9.564608701850829675e-02
-9.564608711798427976e-02
-9.564608721888134824e-02
-9.564608731835733124e-02
-9.564608741925439972e-02
-9.564608751873038273e-02
-9.564608761962745120e-02
-9.564608771910343421e-02
-9.564608782000050269e-02
-9.564608791947648569e-02
-9.564608802037355417e-02
-9.564608811984953718e-02
-9.564608822074660566e-02
-9.564608832022258866e-02
-9.564608842111965714e-02
-9.564608852059564015e-02
-9.564608862149270863e-02
-9.564608872096869163e-02
-9.564608882186576011e-02
-9.564608892134174312e-02
-9.564608902223881159e-02
-9.564608912171479460e-02
-9.564608922261186308e-02
-9.564608932208784609e-02
-9.564608942298491456e-02
-9.564608952246089757e-02
-9.564608962335796605e-02
-9.564608972283394905e-02
-9.564608982373101753e-02
-9.564608992320700054e-02
-9.564609002268298354e-02
-9.564609012358005202e-02
-9.564609022305603503e-02
-9.564609032395310351e-02
-9.564609042342908651e-02
-9.564609052432615499e-02
-9.564609062380213800e-02
-9.564609072469920648e-02
-9.564609082417518948e-02
-9.564609092365117249e-02
-9.564609102454824097e-02
-9.564609112402422397e-02
-9.564609122492129245e-02
-9.564609132439727546e-02
-9.564609142529434394e-02
-9.564609152477032694e-02
-9.564609162424630995e-02
-9.564609172514337843e-02
-9.564609182461936143e-02
-9.564609192551642991e-02
-9.564609202499241292e-02
-9.564609212446839592e-02
-9.564609222536546440e-02
-9.564609232484144741e-02
-9.564609242573851589e-02
-9.564609252521449889e-02
-9.564609262469048190e-02
-9.564609272558755038e-02
-9.564609282506353338e-02
-9.564609292596060186e-02
-9.564609302543658487e-02
-9.564609312491256787e-02
-9.564609322580963635e-02
-9.564609332528561936e-02
-9.564609342476160236e-02
-9.564609352565867084e-02
-9.564609362513465385e-02
-9.564609372603172233e-02
-9.564609382550770533e-02
-9.564609392498368834e-02
-9.564609402588075682e-02
-9.564609412535673982e-02
-9.564609422483272283e-02
-9.564609432572979131e-02
-9.564609442520577431e-02
-9.564609452468175732e-02
-9.564609462557882580e-02
-9.564609472505480880e-02
-9.564609482453079181e-02
-9.564609492400677482e-02
-9.564609502490384330e-02
-9.564609512437982630e-02
-9.564609522385580931e-02
-9.564609532475287779e-02
-9.564609542422886079e-02
-9.564609552370484380e-02
-9.564609562460191228e-02
-9.564609572407789528e-02
-9.564609582355387829e-02
-9.564609592302986130e-02
-9.564609602392692977e-02
-9.564609612340291278e-02
-9.564609622287889579e-02
-9.564609632235487879e-02
-9.564609642325194727e-02
-9.564609652272793028e-02
-9.564609662220391328e-02
-9.564609672167989629e-02
-9.564609682257696477e-02
-9.564609692205294778e-02
-9.564609702152893078e-02
-9.564609712100491379e-02
-9.564609722190198227e-02
-9.564609732137796527e-02
-9.564609742085394828e-02
-9.564609752032993129e-02
-9.564609761980591429e-02
-9.564609772070298277e-02
-9.564609782017896578e-02
-9.564609791965494878e-02
-9.564609801913093179e-02
-9.564609811860691480e-02
-9.564609821950398327e-02
-9.564609831897996628e-02
-9.564609841845594929e-02
-9.564609851793193229e-02
-9.564609861740791530e-02
-9.564609871830498378e-02
-9.564609881778096678e-02
-9.564609891725694979e-02
-9.564609901673293280e-02
-9.564609911620891580e-02
-9.564609921568489881e-02
-9.564609931516088182e-02
-9.564609941605795029e-02
-9.564609951553393330e-02
-9.564609961500991631e-02
-9.564609971448589931e-02
-9.564609981396188232e-02
-9.564609991343786533e-02
-9.564610001291384833e-02
-9.564610011238983134e-02
-9.564610021328689982e-02
-9.564610031276288282e-02
-9.564610041223886583e-02
-9.564610051171484884e-02
-9.564610061119083184e-02
-9.564610071066681485e-02
-9.564610081014279785e-02
-9.564610090961878086e-02
-9.564610100909476387e-02
-9.564610110857074687e-02
-9.564610120804672988e-02
-9.564610130752271289e-02
-9.564610140699869589e-02
-9.564610150647467890e-02
-9.564610160737174738e-02
-9.564610170684773038e-02
-9.564610180632371339e-02
-9.564610190579969640e-02
-9.564610200527567940e-02
-9.564610210475166241e-02
-9.564610220422764542e-02
-9.564610230370362842e-02
-9.564610240317961143e-02
-9.564610250265559444e-02
-9.564610260213157744e-02
-9.564610270160756045e-02
-9.564610280108354345e-02
-9.564610290055952646e-02
-9.564610300003550947e-02
-9.564610309951149247e-02
-9.564610319898747548e-02
-9.564610329846345849e-02
-9.564610339793944149e-02
-9.564610349741542450e-02
-9.564610359547032203e-02
-9.564610369494630504e-02
-9.564610379442228805e-02
-9.564610389389827105e-02
-9.564610399337425406e-02
-9.564610409285023707e-02
-9.564610419232622007e-02
-9.564610429180220308e-02
-9.564610439127818609e-02
-9.564610449075416909e-02
-9.564610459023015210e-02
-9.564610468970613510e-02
-9.564610478918211811e-02
-9.564610488865810112e-02
-9.564610498671299865e-02
-9.564610508618898166e-02
-9.564610518566496467e-02
-9.564610528514094767e-02
-9.564610538461693068e-02
-9.564610548409291368e-02
-9.564610558356889669e-02
-9.564610568304487970e-02
-9.564610578109977723e-02
-9.564610588057576024e-02
-9.564610598005174324e-02
-9.564610607952772625e-02
-9.564610617900370926e-02
-9.564610627847969226e-02
-9.564610637653458980e-02
-9.564610647601057281e-02
-9.564610657548655581e-02
-9.564610667496253882e-02
-9.564610677443852182e-02
-9.564610687391450483e-02
-9.564610697196940237e-02
-9.564610707144538537e-02
-9.564610717092136838e-02
-9.564610727039735139e-02
-9.564610736845224892e-02
-9.564610746792823193e-02
-9.564610756740421493e-02
-9.564610766688019794e-02
-9.564610776635618095e-02
-9.564610786441107848e-02
-9.564610796388706149e-02
-9.564610806336304449e-02
-9.564610816283902750e-02
-9.564610826089392503e-02
-9.564610836036990804e-02
-9.564610845984589105e-02
-9.564610855932187405e-02
-9.564610865737677159e-02
-9.564610875685275460e-02
-9.564610885632873760e-02
-9.564610895438363514e-02
-9.564610905385961814e-02
-9.564610915333560115e-02
-9.564610925281158416e-02
-9.564610935086648169e-02
-9.564610945034246470e-02
-9.564610954981844770e-02
-9.564610964787334524e-02
-9.564610974734932825e-02
-9.564610984682531125e-02
-9.564610994488020879e-02
-9.564611004435619179e-02
-9.564611014383217480e-02
-9.564611024188707233e-02
-9.564611034136305534e-02
-9.564611044083903835e-02
-9.564611053889393588e-02
-9.564611063836991889e-02
-9.564611073642481642e-02
-9.564611083590079943e-02
-9.564611093537678244e-02
-9.564611103343167997e-02
-9.564611113290766298e-02
-9.564611123096256051e-02
-9.564611133043854352e-02
-9.564611142991452652e-02
-9.564611152796942406e-02
-9.564611162744540707e-02
-9.564611172550030460e-02
-9.564611182497628761e-02
-9.564611192445227061e-02
-9.564611202250716815e-02
-9.564611212198315116e-02
-9.564611222003804869e-02
-9.564611231951403170e-02
-9.564611241756892923e-02
-9.564611251704491224e-02
-9.564611261509980977e-02
-9.564611271457579278e-02
-9.564611281405177579e-02
-9.564611291210667332e-02
-9.564611301158265633e-02
-9.564611310963755386e-02
-9.564611320911353687e-02
-9.564611330716843440e-02
-9.564611340664441741e-02
-9.564611350469931494e-02
-9.564611360417529795e-02
-9.564611370223019549e-02
-9.564611380170617849e-02
-9.564611389976107603e-02
-9.564611399781597356e-02
-9.564611409729195657e-02
-9.564611419534685410e-02
-9.564611429482283711e-02
-9.564611439287773464e-02
-9.564611449235371765e-02
-9.564611459040861519e-02
-9.564611468988459819e-02
-9.564611478793949573e-02
-9.564611488741547873e-02
-9.564611498547037627e-02
-9.564611508352527380e-02
-9.564611518300125681e-02
-9.564611528105615434e-02
-9.564611538053213735e-02
-9.564611547858703489e-02
-9.564611557664193242e-02
-9.564611567611791543e-02
-9.564611577417281296e-02
-9.564611587364879597e-02
-9.564611597170369350e-02
-9.564611606975859104e-02
-9.564611616923457404e-02
-9.564611626728947158e-02
-9.564611636534436911e-02
-9.564611646482035212e-02
-9.564611656287524966e-02
-9.564611666093014719e-02
-9.564611676040613020e-02
-9.564611685846102773e-02
-9.564611695651592527e-02
-9.564611705599190827e-02
-9.564611715404680581e-02
-9.564611725210170334e-02
-9.564611735157768635e-02
-9.564611744963258388e-02
-9.564611754768748142e-02
-9.564611764716346443e-02
-9.564611774521836196e-02
-9.564611784327325950e-02
-9.564611794132815703e-02
-9.564611804080414004e-02
-9.564611813885903757e-02
-9.564611823691393511e-02
-9.564611833638991811e-02
-9.564611843444481565e-02
-9.564611853249971318e-02
-9.564611863055461072e-02
-9.564611873003059372e-02
-9.564611882808549126e-02
-9.564611892614038879e-02
-9.564611902419528633e-02
-9.564611912367126934e-02
-9.564611922172616687e-02
-9.564611931978106441e-02
-9.564611941783596194e-02
-9.564611951589085947e-02
-9.564611961536684248e-02
-9.564611971342174002e-02
-9.564611981147663755e-02
-9.564611990953153509e-02
-9.564612000758643262e-02
-9.564612010706241563e-02
-9.564612020511731316e-02
-9.564612030317221070e-02
-9.564612040122710823e-02
-9.564612049928200577e-02
-9.564612059733690330e-02
-9.564612069539180084e-02
-9.564612079486778384e-02
-9.564612089292268138e-02
-9.564612099097757891e-02
-9.564612108903247645e-02
-9.564612118708737398e-02
-9.564612128514227152e-02
-9.564612138319716905e-02
-9.564612148267315206e-02
-9.564612158072804959e-02
-9.564612167878294713e-02
-9.564612177683784466e-02
-9.564612187489274220e-02
-9.564612197294763973e-02
-9.564612207100253727e-02
-9.564612216905743480e-02
-9.564612226711233234e-02
-9.564612236516722987e-02
-9.564612246322212741e-02
-9.564612256127702494e-02
-9.564612265933192248e-02
-9.564612275880790548e-02
-9.564612285686280302e-02
-9.564612295491770055e-02
-9.564612305297259809e-02
-9.564612315102749562e-02
-9.564612324908239316e-02
-9.564612334713729069e-02
-9.564612344519218823e-02
-9.564612354324708576e-02
-9.564612364130198330e-02
-9.564612373935688083e-02
-9.564612383741177837e-02
-9.564612393546667590e-02
-9.564612403352157344e-02
-9.564612413157647097e-02
-9.564612422963136851e-02
-9.564612432768626604e-02
-9.564612442574116358e-02
-9.564612452379606111e-02
-9.564612462185095865e-02
-9.564612471990585618e-02
-9.564612481796075372e-02
-9.564612491459456578e-02
-9.564612501264946332e-02
-9.564612511070436085e-02
-9.564612520875925838e-02
-9.564612530681415592e-02
-9.564612540486905345e-02
-9.564612550292395099e-02
-9.564612560097884852e-02
-9.564612569903374606e-02
-9.564612579708864359e-02
-9.564612589514354113e-02
-9.564612599319843866e-02
-9.564612608983225073e-02
-9.564612618788714826e-02
-9.564612628594204580e-02
-9.564612638399694333e-02
-9.564612648205184087e-02
-9.564612658010673840e-02
-9.564612667816163594e-02
-9.564612677621653347e-02
-9.564612687285034553e-02
-9.564612697090524307e-02
-9.564612706896014060e-02
-9.564612716701503814e-02
-9.564612726506993567e-02
-9.564612736312483321e-02
-9.564612745975864527e-02
-9.564612755781354281e-02
-9.564612765586844034e-02
-9.564612775392333788e-02
-9.564612785197823541e-02
-9.564612794861204748e-02
-9.564612804666694501e-02
-9.564612814472184255e-02
-9.564612824277674008e-02
-9.564612834083163762e-02
-9.564612843746544968e-02
-9.564612853552034721e-02
-9.564612863357524475e-02
-9.564612873163014228e-02
-9.564612882826395435e-02
-9.564612892631885188e-02
-9.564612902437374942e-02
-9.564612912242864695e-02
-9.564612921906245901e-02
-9.564612931711735655e-02
-9.564612941517225408e-02
-9.564612951322715162e-02
-9.564612960986096368e-02
-9.564612970791586122e-02
-9.564612980597075875e-02
-9.564612990260457082e-02
-9.564613000065946835e-02
-9.564613009871436589e-02
-9.564613019534817795e-02
-9.564613029340307548e-02
-9.564613039145797302e-02
-9.564613048951287055e-02
-9.564613058614668262e-02
-9.564613068420158015e-02
-9.564613078225647769e-02
-9.564613087889028975e-02
-9.564613097694518729e-02
-9.564613107357899935e-02
-9.564613117163389688e-02
-9.564613126968879442e-02
-9.564613136632260648e-02
-9.564613146437750402e-02
-9.564613156243240155e-02
-9.564613165906621362e-02
-9.564613175712111115e-02
-9.564613185375492321e-02
-9.564613195180982075e-02
-9.564613204986471828e-02
-9.564613214649853035e-02
-9.564613224455342788e-02
-9.564613234118723994e-02
-9.564613243924213748e-02
-9.564613253729703501e-02
-9.564613263393084708e-02
-9.564613273198574461e-02
-9.564613282861955668e-02
-9.564613292667445421e-02
-9.564613302330826627e-02
-9.564613312136316381e-02
-9.564613321941806134e-02
-9.564613331605187341e-02
-9.564613341410677094e-02
-9.564613351074058301e-02
-9.564613360879548054e-02
-9.564613370542929260e-02
-9.564613380348419014e-02
-9.564613390011800220e-02
-9.564613399817289974e-02
-9.564613409480671180e-02
-9.564613419286160934e-02
-9.564613428949542140e-02
-9.564613438755031893e-02
-9.564613448418413100e-02
-9.564613458223902853e-02
-9.564613467887284060e-02
-9.564613477692773813e-02
-9.564613487356155019e-02
-9.564613497019536226e-02
-9.564613506825025979e-02
-9.564613516488407186e-02
-9.564613526293896939e-02
-9.564613535957278145e-02
-9.564613545762767899e-02
-9.564613555426149105e-02
-9.564613565231638859e-02
-9.564613574895020065e-02
-9.564613584558401271e-02
-9.564613594363891025e-02
-9.564613604027272231e-02
-9.564613613832761985e-02
-9.564613623496143191e-02
-9.564613633159524397e-02
-9.564613642965014151e-02
-9.564613652628395357e-02
-9.564613662433885111e-02
-9.564613672097266317e-02
-9.564613681760647523e-02
-9.564613691566137277e-02
-9.564613701229518483e-02
-9.564613710892899689e-02
-9.564613720698389443e-02
-9.564613730361770649e-02
-9.564613740025151856e-02
-9.564613749830641609e-02
-9.564613759494022815e-02
-9.564613769157404022e-02
-9.564613778962893775e-02
-9.564613788626274982e-02
-9.564613798289656188e-02
-9.564613808095145941e-02
-9.564613817758527148e-02
-9.564613827421908354e-02
-9.564613837085289560e-02
-9.564613846890779314e-02
-9.564613856554160520e-02
-9.564613866217541727e-02
-9.564613876023031480e-02
-9.564613885686412686e-02
-9.564613895349793893e-02
-9.564613905013175099e-02
-9.564613914818664853e-02
-9.564613924482046059e-02
-9.564613934145427265e-02
-9.564613943808808472e-02
-9.564613953614298225e-02
-9.564613963277679431e-02
-9.564613972941060638e-02
-9.564613982604441844e-02
-9.564613992409931598e-02
-9.564614002073312804e-02
-9.564614011736694010e-02
-9.564614021400075217e-02
-9.564614031063456423e-02
-9.564614040868946176e-02
-9.564614050532327383e-02
-9.564614060195708589e-02
-9.564614069859089796e-02
-9.564614079522471002e-02
-9.564614089185852208e-02
-9.564614098991341962e-02
-9.564614108654723168e-02
-9.564614118318104374e-02
-9.564614127981485581e-02
-9.564614137644866787e-02
-9.564614147308247993e-02
-9.564614156971629200e-02
-9.564614166777118953e-02
-9.564614176440500160e-02
-9.564614186103881366e-02
-9.564614195767262572e-02
-9.564614205430643779e-02
-9.564614215094024985e-02
-9.564614224757406191e-02
-9.564614234420787398e-02
-9.564614244084168604e-02
-9.564614253889658357e-02
-9.564614263553039564e-02
-9.564614273216420770e-02
-9.564614282879801976e-02
-9.564614292543183183e-02
-9.564614302206564389e-02
-9.564614311869945595e-02
-9.564614321533326802e-02
-9.564614331196708008e-02
-9.564614340860089214e-02
-9.564614350523470421e-02
-9.564614360186851627e-02
-9.564614369850232833e-02
-9.564614379513614040e-02
-9.564614389176995246e-02
-9.564614398840376452e-02
-9.564614408503757659e-02
-9.564614418167138865e-02
-9.564614427830520071e-02
-9.564614437493901278e-02
-9.564614447157282484e-02
-9.564614456820663690e-02
-9.564614466484044897e-02
-9.564614476147426103e-02
-9.564614485810807309e-02
-9.564614495474188516e-02
-9.564614505137569722e-02
-9.564614514800950928e-02
-9.564614524464332135e-02
-9.564614534127713341e-02
-9.564614543791094547e-02
-9.564614553454475754e-02
-9.564614563117856960e-02
-9.564614572781238166e-02
-9.564614582444619373e-02
-9.564614592108000579e-02
-9.564614601771381786e-02
-9.564614611434762992e-02
-9.564614620956035651e-02
-9.564614630619416857e-02
-9.564614640282798064e-02
-9.564614649946179270e-02
-9.564614659609560476e-02
-9.564614669272941683e-02
-9.564614678936322889e-02
-9.564614688599704095e-02
-9.564614698263085302e-02
-9.564614707784357961e-02
-9.564614717447739167e-02
-9.564614727111120374e-02
-9.564614736774501580e-02
-9.564614746437882786e-02
-9.564614756101263993e-02
-9.564614765764645199e-02
-9.564614775285917858e-02
-9.564614784949299064e-02
-9.564614794612680271e-02
-9.564614804276061477e-02
-9.564614813939442683e-02
-9.564614823602823890e-02
-9.564614833124096549e-02
-9.564614842787477755e-02
-9.564614852450858962e-02
-9.564614862114240168e-02
-9.564614871777621374e-02
-9.564614881298894034e-02
-9.564614890962275240e-02
-9.564614900625656446e-02
-9.564614910289037653e-02
-9.564614919810310312e-02
-9.564614929473691518e-02
-9.564614939137072724e-02
-9.564614948800453931e-02
-9.564614958321726590e-02
-9.564614967985107796e-02
-9.564614977648489003e-02
-9.564614987311870209e-02
-9.564614996833142868e-02
-9.564615006496524074e-02
-9.564615016159905281e-02
-9.564615025681177940e-02
-9.564615035344559146e-02
-9.564615045007940353e-02
-9.564615054671321559e-02
-9.564615064192594218e-02
-9.564615073855975425e-02
-9.564615083519356631e-02
-9.564615093040629290e-02
-9.564615102704010496e-02
-9.564615112367391703e-02
-9.564615121888664362e-02
-9.564615131552045568e-02
-9.564615141215426775e-02
-9.564615150736699434e-02
-9.564615160400080640e-02
-9.564615170063461846e-02
-9.564615179584734506e-02
-9.564615189248115712e-02
-9.564615198911496918e-02
-9.564615208432769577e-02
-9.564615218096150784e-02
-9.564615227617423443e-02
-9.564615237280804649e-02
-9.564615246944185856e-02
-9.564615256465458515e-02
-9.564615266128839721e-02
-9.564615275650112380e-02
-9.564615285313493587e-02
-9.564615294976874793e-02
-9.564615304498147452e-02
-9.564615314161528659e-02
-9.564615323682801318e-02
-9.564615333346182524e-02
-9.564615342867455183e-02
-9.564615352530836390e-02
-9.564615362052109049e-02
-9.564615371715490255e-02
-9.564615381378871461e-02
-9.564615390900144121e-02
-9.564615400563525327e-02
-9.564615410084797986e-02
-9.564615419748179193e-02
-9.564615429269451852e-02
-9.564615438932833058e-02
-9.564615448454105717e-02
-9.564615458117486924e-02
-9.564615467638759583e-02
-9.564615477302140789e-02
-9.564615486823413448e-02
-9.564615496486794655e-02
-9.564615506008067314e-02
-9.564615515671448520e-02
-9.564615525192721179e-02
-9.564615534856102386e-02
-9.564615544377375045e-02
-9.564615554040756251e-02
-9.564615563562028910e-02
-9.564615573083301570e-02
-9.564615582746682776e-02
-9.564615592267955435e-02
-9.564615601931336641e-02
-9.564615611452609301e-02
-9.564615621115990507e-02
-9.564615630637263166e-02
-9.564615640158535825e-02
-9.564615649821917032e-02
-9.564615659343189691e-02
-9.564615669006570897e-02
-9.564615678527843556e-02
-9.564615688049116216e-02
-9.564615697712497422e-02
-9.564615707233770081e-02
-9.564615716897151287e-02
-9.564615726418423947e-02
-9.564615735939696606e-02
-9.564615745603077812e-02
-9.564615755124350471e-02
-9.564615764645623130e-02
-9.564615774309004337e-02
-9.564615783830276996e-02
-9.564615793351549655e-02
-9.564615803014930862e-02
-9.564615812536203521e-02
-9.564615822057476180e-02
-9.564615831720857386e-02
-9.564615841242130045e-02
-9.564615850763402705e-02
-9.564615860426783911e-02
-9.564615869948056570e-02
-9.564615879469329229e-02
-9.564615889132710436e-02
-9.564615898653983095e-02
-9.564615908175255754e-02
-9.564615917696528413e-02
-9.564615927359909620e-02
-9.564615936881182279e-02
-9.564615946402454938e-02
-9.564615955923727597e-02
-9.564615965587108803e-02
